52312
32334
70546
85689
90876
39859
50666
18268
48143
14665
29868
25994
75290
84527
30200
5489
10590
27108
83104
64466
80422
9079
846
13856
74520
10116
97021
50826
64546
50537
51107
33890
56126
70016
51687
54632
74444
22111
4047
28479
42889
49131
40993
29871
30622
11298
76235
29167
72620
39965
11384
83300
36658
90837
26525
75616
28922
40928
82914
57331
279
97788
31788
79302
32643
30435
76823
44925
45931
96470
73269
55260
39058
26141
81425
1544
17603
10187
41436
52397
29044
92775
42422
18958
55350
79423
1016
34546
42757
90637
35278
3287
16560
40639
50447
3626
60779
84172
69697
49813
3837
89062
54413
69637
1172
97744
43965
65206
45431
11068
25804
63933
80667
23874
52764
33332
10240
45268
29804
47530
75008
85357
65772
41323
99613
59676
75863
24787
89580
50368
51142
87611
98247
45722
71235
31464
92178
27877
31046
38630
83529
68770
63655
14805
61409
21930
52365
34023
57133
64913
49291
4892
89806
98085
57112
4559
68258
47290
47157
71359
70069
17573
90231
10155
36415
23295
99937
61366
72217
21646
31666
31336
14475
97573
83309
304
78630
46776
4470
47147
87689
48678
49728
36927
34149
52982
97654
76699
95579
6365
57471
95045
80255
29854
92948
72908
41358
46953
44742
13119
51230
98968
42299
10550
62577
50038
2774
29896
42320
43081
60661
62972
84653
79973
23166
27823
57590
92966
57579
85709
51585
20295
54134
27421
5555
69746
91442
56416
81958
3281
85803
72764
51077
48673
52195
61472
16582
70198
8321
9232
93831
62098
13308
12208
48559
70212
12027
17771
82740
46363
16861
50432
23548
47601
6133
69849
4181
90893
2006
38498
17649
24791
31854
43145
24813
22659
53504
24113
77740
81064
53455
54412
64559
78753
53242
7529
88742
28124
81227
54395
17513
62650
63439
70005
8909
31162
4028
22916
14766
62266
33406
45907
14318
1482
14249
28085
61865
16777
69376
20247
16807
40103
38622
13144
83744
59973
99237
65347
12168
55467
52931
23621
59302
2913
36319
25068
43858
44129
74888
64299
42786
61435
15945
93870
44763
50445
59145
11521
88328
50770
42545
59263
17443
76967
50701
42441
2832
3909
4242
74105
77505
95145
96238
94180
43634
24797
95206
95250
29851
57873
47634
21079
37179
83370
90048
43824
85593
74176
78466
40676
42675
16853
2185
48596
66605
97498
41298
7255
46927
45127
88294
70908
96858
76477
85100
51575
24968
65692
30260
31868
18327
70336
26892
69752
52596
8511
14816
99212
62781
97132
70214
45381
45766
92830
66455
4487
30010
94225
68
71381
32316
29277
79288
91343
85961
48286
94426
26431
33061
89224
95140
65168
79082
30030
26477
5559
19639
70884
36904
89775
55693
64254
80806
33483
15989
23416
44138
96762
8768
21466
84982
3112
97233
50606
72487
75144
91969
48742
62040
25901
7800
57446
87546
16362
70846
40453
71578
87677
29600
66846
46380
36165
54436
43184
26796
31778
56099
55271
34639
18351
61028
75783
15124
98953
86652
18552
79268
41156
87443
65174
63537
33317
55968
74491
57325
75880
99850
19764
3977
66866
31218
52524
47297
21366
78045
74850
6267
13170
19297
91486
79313
43448
68649
32762
5004
7199
17069
10766
58391
72940
89087
94322
30867
68673
79885
62321
13772
24949
63951
69471
96400
7758
90866
44233
28771
32509
36223
30660
84268
89248
96526
12737
2348
29552
6425
59708
85891
32780
41941
90135
40312
45550
4901
93058
43089
19399
44982
22335
67203
42437
33167
3469
70455
41698
5183
34190
9822
72863
76230
96623
28551
9259
2944
87173
25838
5217
28563
90394
25152
52659
6246
6229
3601
37149
56190
27619
88859
32952
6468
88880
43787
90167
59122
95004
36651
57544
20850
48682
51168
36376
88059
27850
79919
71588
67902
81337
68063
80626
38322
60477
12255
18647
93109
50593
44627
4331
51900
29888
39910
54165
64241
64139
4615
41729
29404
3141
918
98661
95295
80906
55096
75497
12232
44544
58542
13429
52265
67457
37846
67280
23111
60720
78443
53834
44105
10325
98269
23799
23996
36127
42932
405
32585
46096
94232
73736
88442
15420
44172
27594
74627
34100
92081
11364
82102
58166
681
72279
74747
77189
99146
30366
96221
61226
30064
2861
68273
76855
29093
23845
55542
21330
47435
34283
58951
76581
82692
46943
36645
78636
24370
72565
47555
43598
985
13783
63163
52790
42404
10450
12267
60674
6423
41202
56541
29563
11227
57740
65859
58461
33198
95354
43336
24506
87964
65216
57269
84642
20555
57349
94473
53552
69020
52582
41597
37025
42436
48444
34386
55165
54122
8413
53797
12308
30549
11748
63829
11835
15433
5244
18614
55733
28337
76789
14938
5441
61355
6192
29727
7491
70916
78911
48287
32292
20884
22443
73626
5874
88691
47675
41561
65774
40025
92005
67296
95790
10361
43055
80824
29718
97460
75878
45062
98207
1163
58041
39319
50874
59641
56275
40032
92728
62921
87089
33179
94235
10137
14855
97435
10805
57675
59592
23989
72839
8666
43875
74383
5398
96965
70832
31641
21533
90852
83489
77473
56087
46601
68660
98985
76911
40571
84307
63895
82713
39367
73259
29447
56635
83406
76448
32035
4190
1497
85042
71389
5731
95431
25448
24424
3607
44611
62997
27311
31493
83284
60499
5283
7876
92638
62709
38820
97317
18381
44652
80315
56745
19615
40619
2502
23134
63910
72831
57540
22835
26198
98011
71144
62536
38071
82043
5259
9976
35355
66929
83229
180
45294
12775
58339
9721
68201
40776
46729
8030
8351
40231
3263
8675
19519
80272
93411
81980
60867
33644
51348
91201
73465
75147
89036
18561
31343
22829
22250
63627
20829
87168
86605
54324
2530
69694
732
25074
26345
30497
6498
31818
75123
20887
66152
90230
647
65465
1737
62298
73655
64505
29275
63203
88192
20481
85012
1714
33847
48563
58030
63519
39741
69882
59548
58037
97090
52041
8891
25611
18039
40823
10895
22043
76303
18671
30790
51317
56911
69314
58203
34681
17527
15911
13957
97743
33255
60500
59873
9775
33564
77252
18267
14477
62309
17416
16859
55954
89353
80961
74748
78959
69885
17000
34705
56059
25995
58118
67615
19834
65194
2367
9508
3729
55676
65806
86095
13367
28140
14128
18227
76633
6467
64446
44057
66119
89606
31901
51304
92970
11886
85881
38059
78858
29939
56750
11463
83942
32627
49780
1357
86611
67532
77847
64902
43783
96632
27956
21059
15183
19300
41310
69798
39246
83413
54919
86572
8723
23489
88814
24347
25067
76727
64122
49932
83716
9894
44368
49496
26544
73280
73325
843
18660
17630
21312
77550
73167
36439
94162
3348
71734
86885
35540
78798
87998
85439
90338
67335
31847
54252
27183
3845
912
44886
71286
55184
71347
4988
36195
91528
94728
24938
16502
24
52848
80796
21524
14019
10972
85793
91705
13757
60113
26422
22218
53052
72086
62627
96456
77729
9654
51765
90228
93391
8677
9605
67108
63248
89601
91663
83285
73879
74907
31585
55211
94292
24682
12162
7804
66961
58124
6955
11644
41674
43256
29476
87532
43829
48060
8678
53682
4572
60074
31995
65509
9449
89234
5608
20334
49610
85244
22255
41968
40299
85330
66514
96318
62010
89058
11780
37814
65402
40837
39296
26088
39659
68446
41751
21615
22655
70772
47972
69754
35326
8336
88358
19289
34733
14932
4365
12245
31519
82322
26212
19153
21657
71447
35934
52048
78708
50263
65372
49394
98287
28983
69399
43241
60918
47926
31163
55317
6883
82515
33093
8051
20013
34300
33686
86245
82612
92693
33695
95811
94143
62342
85326
13993
98925
54172
64672
25027
48599
65573
92073
44591
87405
61021
53976
44490
44625
15811
26740
78854
62761
8552
30053
73636
31597
92310
85391
81308
272
91986
617
51997
13567
34941
35162
19264
45787
12552
73008
10745
53890
3239
38792
7398
30632
45479
2635
33574
10317
31346
2265
26705
10367
10151
12054
50
99547
40172
34499
49362
99021
8712
30307
44208
53999
15413
25712
484
54892
71881
83532
35481
58842
76036
73796
59581
43142
69474
50800
3091
29832
95110
55665
99754
36189
43272
25198
82156
68930
23006
65510
24740
61245
6858
81521
54710
92447
33429
93779
62836
78608
3435
88419
32151
3410
50354
10715
2957
64936
59998
49297
75828
14088
6524
49697
75845
59709
28965
68179
52065
44676
73229
62034
89652
65816
28189
53580
71683
8914
56407
9881
65987
77864
94689
17074
94538
47494
15979
46430
2222
46370
87569
16679
67142
21855
88802
52005
10686
67483
47260
65734
31839
7139
7460
4472
16485
38517
18303
79349
60813
66441
45343
94429
66510
76403
61856
99993
28984
40105
74368
8307
63102
91890
28638
32373
61317
45957
52556
92905
39045
91496
2296
73858
52026
86870
73910
79142
1513
60548
32482
11182
28755
35056
35521
49702
80392
31408
78200
26481
74892
30384
60214
9531
77033
94082
69534
10929
27770
1377
89296
9483
90917
6779
60979
16900
70636
22239
50437
53783
37898
25888
21063
37353
19737
55217
981
87330
73270
53249
48580
43639
76139
32405
84889
76332
87311
64413
74270
8036
99220
39714
80661
90450
20637
64691
7230
90482
71763
30305
49158
9913
22414
11987
14703
11355
94066
94383
57628
49418
82869
84560
52810
75655
59142
26658
31301
16041
30486
70132
62169
47556
3359
28751
98315
71421
72049
57281
65358
93056
89081
3036
64827
43867
50222
91610
63618
50512
63141
80022
4861
43179
69555
39397
39136
63018
94774
3996
57156
60688
57277
79841
4318
91494
44486
51782
84521
53235
89096
98109
52034
89952
26355
71912
52149
18799
89982
99499
10992
77471
95683
90449
63651
80828
93859
40424
95399
54164
67266
12876
79924
61787
61992
41390
14600
42920
56666
31762
8693
44413
74327
52625
77347
49849
6523
2921
54466
41304
75178
11353
75643
81258
43605
1874
43420
94593
93139
9437
9588
43521
19581
18965
78890
95293
42636
51211
78877
15057
12690
97188
18026
82477
46485
9294
92531
95121
71417
70454
98651
54398
12781
32176
95030
74581
19783
37745
68125
2305
34366
35388
73749
88105
25186
16796
56401
38269
42295
28428
15223
23727
44787
95092
24726
51727
22922
17809
60777
67693
66848
7073
68837
61905
86722
40065
87674
4651
60797
73817
19518
97152
15580
54540
73746
85542
73839
71131
96593
86199
53827
62084
8090
18325
69540
79299
80537
70206
78213
27118
52951
82238
1225
20197
71861
53906
21179
72804
36083
19985
87931
8327
69629
16492
32741
93944
6039
58731
79277
60447
17286
46648
80926
10213
66401
54873
58388
85686
51759
73318
63178
79699
64704
54356
51588
60224
25582
78645
18986
28621
65703
1166
95681
12204
93743
45709
75282
3679
43483
82551
73421
26628
90478
86823
77218
57016
90811
99413
74610
1735
56612
88361
73466
56053
24412
73243
70941
51140
28895
64154
69923
6491
76473
94804
3120
6927
99992
97077
7779
51286
60257
60345
97472
52414
90906
94562
76191
156
39088
26073
59475
53064
42794
75094
40894
42647
42016
36554
29043
24880
1851
17133
51376
80285
1927
58267
41553
45909
38904
53688
854
76875
88154
67067
41143
50641
35404
30264
73715
78096
31640
51201
23602
27198
27591
82280
84458
32331
34448
20217
79992
11897
60951
76647
43160
7456
41139
66547
71992
9693
12592
76955
67304
91333
40361
11564
23731
54462
37695
4801
50573
72830
35785
70463
66146
40262
3921
40988
25803
36167
46761
9554
30348
95180
33820
75669
8672
21447
99209
25488
41845
99122
29173
18693
53722
12392
31387
66270
6117
3047
11071
45424
711
75281
24566
86888
4392
74352
34581
1056
62535
38608
30592
68886
4964
57944
59990
614
60657
65702
43959
43585
8192
29905
7221
67544
63820
46625
18538
87388
56640
13015
75117
97181
50327
88132
54945
88645
28109
23733
8464
32039
64530
81601
72409
78014
15161
30737
56009
87216
78624
86116
30358
84842
76768
96453
68305
90765
59746
77354
10621
15913
30256
41690
72087
23741
98322
53327
6018
32362
95476
55314
43511
5155
26236
95624
11007
15560
21739
99110
26258
11058
41794
14958
20659
88509
94368
89785
25946
66022
95407
64321
59833
20231
53674
72627
4519
68119
51027
74635
1517
53341
18285
87170
20336
77539
28116
83953
28030
59945
99054
35266
37678
24222
63090
27570
64844
16398
46270
85312
29671
47217
41932
89325
95588
96654
83563
1379
45317
92787
47486
15724
13535
16747
93645
94086
60123
21305
16321
72319
62328
98941
12890
10263
99503
62424
97650
18546
27113
18437
52981
60816
4285
87236
6277
36564
29728
40699
23617
15454
2074
44396
86426
34677
55859
27703
23072
95218
10864
8076
60764
7594
59762
70202
12352
46993
36154
76143
15659
34509
99719
68812
13616
61950
63272
67433
96548
9066
294
23791
53876
7079
84398
30996
58597
56443
26023
77136
46098
77935
75481
53404
18062
67926
40946
39807
55131
14480
84497
93564
14977
75837
42792
33312
62265
34729
65769
22664
1643
15358
34316
58185
58808
91360
29779
7608
77549
72072
88375
19013
4194
33674
74372
82931
66708
76834
70078
29425
3527
45802
6957
70757
86446
37377
95260
45570
58966
5145
71212
73912
29399
12026
37833
69829
95496
6759
36667
1898
2499
4166
10377
66997
99745
55176
39064
72081
62388
47416
20266
40954
5519
14473
38757
68168
54903
70719
41413
9720
67837
43923
78963
18949
33720
42439
2141
60591
78763
78592
74284
9113
56304
77854
62361
15925
53089
38905
52474
45155
27894
71367
18639
61082
17147
23180
13104
28587
10712
80328
67410
5838
75642
22050
75385
6671
14579
58955
2775
16917
20415
38271
62766
60271
91541
33579
40050
39646
49741
44163
14145
64420
8990
41709
48133
45241
16501
15897
49718
42149
41662
40319
73217
33457
48656
6379
32900
30831
17454
52324
17564
38945
59895
52461
99137
43035
63931
29352
25140
38365
90534
1548
72534
30062
30767
64347
46830
34691
60272
71698
10717
20400
33973
4367
77154
54025
61684
73800
6249
88280
65249
59723
31878
92985
48312
79659
1915
58280
49462
75422
97489
53357
73004
16112
7082
14749
12428
80692
84556
73634
29119
90296
1159
32960
77013
35380
96778
89527
90488
89132
59178
60749
96954
10721
41444
84281
39052
48104
47630
96404
73277
69210
3017
15655
10517
35229
7173
87425
10144
91862
56252
33815
24527
83967
87666
26919
16258
36677
84789
31574
35313
80102
35777
98311
70706
38492
50474
45216
79490
47925
51901
46585
22707
51858
1813
44322
26597
81181
86142
79285
51627
58362
98528
40504
31291
58947
33420
46607
62905
7050
12599
24743
99245
3275
3096
54200
9092
28670
93325
53585
65254
83862
92622
33659
99960
60862
99053
92856
43409
8498
38215
59108
4402
54247
34068
94559
28554
20852
78868
80023
38031
87249
24084
39871
80052
41989
40084
4214
55140
57305
79758
78251
10273
4606
50217
15848
90436
90942
25708
19160
90538
54066
39725
78347
68096
25167
1295
13657
82743
5988
57384
46613
78864
37119
24215
58819
57707
70056
98509
85460
19898
61816
51106
12388
97623
93613
12813
88926
60288
30414
48729
27455
49683
68149
67451
12532
60126
29746
60180
16594
45847
17451
72278
47388
78349
88060
83435
93426
74245
70961
47035
84301
61981
33706
9176
57709
38351
3148
86647
34524
85937
47621
85111
50704
26410
89394
11581
49030
42864
41856
96649
3061
76496
7877
32636
11976
98165
5775
81124
78331
41380
19678
86986
26040
8781
83954
18246
98679
7052
12240
22701
79966
70278
31222
36031
77336
16936
28328
3731
26985
2760
52156
9274
90525
83477
86301
16171
77231
86255
15457
91966
20954
32794
52891
47975
32950
49779
66833
15406
42607
39848
85282
72953
39559
43205
21667
38104
88966
40098
58180
75062
70112
56849
94754
58161
79658
46172
65460
23160
5401
86162
70237
71995
6483
54899
23928
73880
69095
2271
74951
72430
23906
16312
8440
63645
8460
8208
45566
63961
55745
90599
83052
28546
65341
87951
85864
37117
67244
46998
53507
31886
98530
20138
68855
4208
63772
3604
38604
44104
92761
44740
36574
20409
36930
20695
96286
40148
31177
28801
76588
35818
1588
49830
59750
65523
8714
89732
66484
57068
96147
28508
21758
34101
5634
25499
22985
57692
12767
90433
28829
58311
66452
70201
53505
82465
46082
53128
21990
84887
49999
27428
84272
69860
59132
75433
46886
83288
69254
82631
2754
66294
90963
74708
98033
59556
67651
79545
87947
20278
68058
33360
16899
53021
42869
23591
88979
51236
49977
90543
75040
12707
35503
84360
43943
19284
96324
46824
98427
83805
84835
98877
66559
19559
44679
94265
43158
45993
31234
94595
2485
78892
69432
69811
74659
92254
53012
3654
27489
90432
1533
45160
93415
86574
56114
37884
61680
35288
45272
6937
19025
56755
17839
26955
21929
19125
50244
99397
90598
15391
35147
76162
25049
45182
4078
23453
61969
13047
70342
55180
14014
4291
18468
70590
68034
66010
65395
9835
25189
54382
61213
53593
21193
34700
76972
48195
14829
52805
83982
88462
30166
45232
51947
8506
43263
81795
32211
42740
36081
95899
41850
52682
65876
43183
60795
31575
68248
66805
93389
4019
86157
60847
69345
84108
87774
59124
70137
49348
48232
36245
23921
90166
97611
90500
97883
94940
65135
6892
23878
77491
4525
59086
48853
56970
71560
81167
22926
44425
89416
89201
6325
22102
55755
28863
98629
19937
26235
52733
14379
57967
61107
55850
63045
9886
92677
46721
23300
58101
41106
83292
29421
65454
21494
65150
64163
98323
74282
66420
39630
10458
51735
6493
16303
19524
76800
33016
33502
9269
17791
16432
67650
71305
2332
83124
92978
50912
86106
10477
95884
57696
24607
97583
44080
55784
14907
49159
67029
66347
58521
62104
58415
8542
78611
89401
67634
33049
91911
85040
84346
10688
78054
90272
26165
5514
15118
7569
57937
89831
74733
51808
59269
21865
31139
85161
29064
79950
7133
26137
56814
72977
61537
71612
36632
27474
36202
51497
13483
4805
77822
71989
63979
82495
29141
46354
36029
37656
27972
26297
36060
21535
65617
59975
99866
81742
31688
5128
77101
23251
20568
37792
50736
39001
47740
66704
93900
47673
96839
96069
70515
40135
6880
44067
87944
5490
71166
13517
14937
93245
80204
96670
2486
57196
39513
82946
82886
66642
15159
72150
83803
6854
3303
130
62389
80613
67489
22722
41745
65209
82784
23910
82072
85536
58935
47467
81177
16515
43744
92946
20321
17885
91600
20679
9026
52418
1408
48810
36778
89088
83183
26987
80150
73316
7577
21293
13706
67493
58152
64745
17318
11617
61725
37942
35105
72866
996
86460
36520
30154
13947
38342
13039
86780
18296
61554
28115
27135
90838
7971
13280
85796
49406
35536
66308
74378
34196
27608
10051
6951
12606
16176
83155
11560
21077
54380
99604
68403
32092
29015
51208
20339
38524
28838
4393
47540
76319
59522
41843
8115
65464
9603
61
40139
44601
29747
56351
69346
74239
59242
92499
6738
80813
67281
46154
49657
70623
60868
55764
89718
35526
61282
39535
94835
40493
30437
72498
64405
88396
8762
2766
86413
22353
61163
72931
93246
84321
77059
57095
37071
83816
91522
74274
31952
37146
94105
60740
15975
65099
84319
16271
12108
59875
86475
32114
36424
84297
47466
73381
78221
23903
85716
72137
17783
33767
81343
57647
54028
88070
42007
68796
8755
17222
60199
96045
7582
5947
55110
20650
71626
57821
65028
22729
99023
24638
35800
52070
37079
73804
85841
10752
78750
44024
2282
94323
47277
63734
89763
69289
42865
77580
80484
89585
14589
30626
43414
30534
17001
69127
39567
21742
30177
23252
17323
67705
59239
37120
1943
91915
12850
82346
81810
34795
33053
32703
48183
56910
36044
70247
87280
26867
36541
14391
83238
14031
99818
65136
20988
98053
49442
96863
15499
15705
51328
32487
40315
44631
46204
84983
85469
76297
52781
34586
33045
72443
1143
18682
94990
21005
25725
51550
51596
89710
18118
32845
9809
90244
72064
62270
76642
53885
51719
84804
78785
80866
35832
28956
61280
23028
8722
44879
40857
91977
62056
74845
64295
65492
49140
42732
21035
77132
49781
96066
97889
73076
77781
68169
62866
62222
62734
48452
53349
49235
91510
84911
73109
55455
77872
37516
92874
94512
52630
96198
51294
53971
80183
45397
20504
28175
10900
23463
39138
83298
38828
41820
42754
78342
96751
77831
75082
99587
37213
82754
86818
63922
50386
7847
14919
3806
44752
4301
91609
22548
18736
50318
32558
18816
3088
5306
13740
63283
71973
84875
63367
57830
77634
32240
34837
32352
6574
9957
17753
91354
88845
12164
69205
92350
21412
81728
8355
43614
41200
41223
37352
49259
84923
4945
96564
40714
2675
33892
58920
72012
36370
12752
34963
28990
99620
83266
75072
34906
24583
69449
77511
2798
5892
67509
21800
93757
69256
94486
35459
90671
80743
64287
63914
121
50747
43383
60521
14335
9343
90109
26127
39454
3940
43032
17897
15821
31749
57596
7076
45826
81497
3176
33240
54447
75630
20350
64552
21852
36739
63118
7575
43101
34506
34817
762
44553
6631
70462
89725
84759
79172
65782
74757
19352
90007
35505
97092
97244
89488
60921
72789
46284
45164
97790
5120
93916
44623
65897
82469
52512
65879
21066
71593
90715
55287
99348
61173
73239
74865
21477
82420
79868
95109
58115
73047
88819
57698
54091
54836
67246
23907
29952
13604
4609
6698
40266
39768
37698
4644
85814
27125
84339
9408
21010
93703
53277
7534
42558
46184
46013
94608
74238
80339
93020
70767
46643
15761
52573
68337
41723
60456
72470
67976
47909
40856
11929
1840
11787
95837
5350
21987
52546
45023
35608
63787
33503
53573
35588
35315
17395
89090
1118
28114
82174
15789
30210
75330
13688
42356
95562
96856
78819
94583
38876
86502
48901
92151
65990
8303
37990
99639
31661
10468
70872
34799
50868
86328
74326
97671
43120
38123
25564
11257
47662
9715
74981
15224
99408
32383
22018
60302
38679
80881
31802
71095
34650
98631
54306
89127
1338
41328
62326
669
34717
42944
57360
2776
89608
92267
69770
55442
60924
79079
24525
70699
49135
10142
46019
59563
83580
81502
49692
25071
28341
67698
37176
35265
47615
94452
19713
50059
67014
44739
53337
68433
73288
52106
98664
10190
11759
89051
79036
45522
91781
47564
20921
98364
26175
50082
31283
85830
50919
80892
75901
2166
85390
74604
31629
78555
28934
40471
55055
21113
10443
80632
30292
7858
30757
28578
23694
16139
85397
80344
64743
36327
45060
3565
12523
72513
33109
92873
38660
13682
23620
63771
83931
43269
73878
48978
78760
5994
70790
80918
59796
22125
81330
65627
51116
23732
23538
65005
26204
31620
66512
75465
44944
13879
58768
40904
45253
91460
50282
90514
80128
97617
84877
76491
86631
21238
47611
63810
84928
10029
94328
86799
55135
6681
49231
43671
66009
59037
38335
13598
6891
75485
1908
36988
80950
78520
12636
29014
6391
2899
76839
56104
96813
49998
59805
90688
81889
49618
69176
27259
12090
98261
25255
73563
59431
44323
94805
18123
72662
21710
97763
30960
63652
53675
71062
49710
30113
92515
86833
23705
2218
93234
42006
61885
2349
82901
39658
19468
57448
29579
67691
96608
15250
21925
75324
65058
47191
80487
85197
64495
78661
11703
50522
38464
5419
67572
47176
10505
46699
45421
67107
62897
77079
64073
29482
70104
92215
55688
64040
8342
31196
3473
63088
43187
88507
11729
96794
13152
15004
25408
55994
69006
82647
53049
95871
70630
46206
67347
98329
50949
75707
76197
79312
34937
94198
77282
95463
11844
34470
16047
90889
89031
2429
31127
7968
9376
41767
55278
69662
90358
18021
21654
97193
37064
16386
50181
70362
22840
58664
65998
50376
64766
77074
61793
43143
8031
59271
71594
22632
55198
28839
73713
71835
59362
14156
82062
11382
28278
90793
35294
77756
53691
23700
23475
64015
2137
60621
28804
98306
79768
72464
28882
27346
75035
5274
57101
40211
27307
33556
78479
45001
40663
96140
3888
20610
20060
12043
5995
56993
10113
28682
87013
60613
34048
75510
42671
65869
10956
7896
89232
30894
29052
74881
72670
51849
29005
48374
47658
18951
96941
48257
31444
38597
97146
49121
10039
79220
72917
82181
4347
51917
25626
47724
14005
40089
44793
89789
10693
7069
33431
34361
54146
46035
37691
29364
7985
9649
658
5574
64238
26523
11958
57262
59115
33163
64069
20246
86681
69056
55536
54039
33849
92265
89743
39619
44016
65154
20919
52886
44529
78161
57955
41253
88245
88323
71009
31993
71645
28400
99652
74621
76922
58068
62219
18903
20620
40136
36784
46566
93313
65437
66747
71584
27427
49756
57158
73666
48950
34819
47031
49851
96179
28849
75563
86291
14577
88372
24240
66748
50061
38481
83185
88956
85494
63992
69137
9020
76153
10205
93814
52680
22073
55958
19104
39013
72972
69864
6033
98767
19853
95415
10687
14406
62120
79749
42203
2050
76928
74873
3409
43363
25602
50916
1917
37207
23227
19526
8709
70953
71117
97454
82680
86003
52144
2196
99353
29883
11778
10500
68099
91384
93858
61945
14693
32550
66712
12681
20655
13107
18984
13722
2995
63222
48696
53282
51017
78901
25805
83468
93435
85103
20682
11588
21806
97095
22187
86884
37325
38367
46351
44511
98734
72140
44665
91994
76869
77223
98356
69834
98955
17562
4802
38500
47415
95176
37802
49269
49196
33203
91037
16544
67665
63020
26286
90125
44847
17545
44815
86254
88722
78589
84806
57610
84931
50782
92845
41883
35808
38338
15323
76905
22919
45391
59928
84666
49935
51811
82635
84664
96973
97950
75776
245
96774
59247
74205
30245
47172
86012
37731
32354
17860
86272
64952
60013
1821
86968
36519
58432
79176
25962
97190
69873
70770
83815
9853
85679
55773
43960
13100
16779
83007
7427
6884
12618
76923
57669
71145
77042
26574
73622
34670
81311
60236
71822
97545
50541
31647
15048
38831
32168
42303
22907
82681
99862
1925
99864
79488
80154
48849
73841
55854
17965
96321
34894
84714
85669
17229
64739
33103
16740
31732
72659
60663
62414
2425
74315
94918
42237
52196
5058
81753
49066
20267
80980
56549
47742
70905
62531
28246
10262
78387
67636
17043
32909
259
94757
69158
21178
17308
53568
43760
85007
2162
90658
23402
90863
37097
18418
54666
63297
81632
66726
57274
14120
94136
65093
82924
12439
47767
19386
11872
14593
6898
46950
94380
55579
3411
20268
27316
73506
22745
39829
66243
37175
83831
46561
45747
41855
98141
66742
59406
47576
86507
82737
70140
65759
68619
10588
4259
64124
22430
2469
60260
1619
10141
66570
22172
88903
98909
68526
79796
17998
37593
85528
788
2366
53399
94888
47273
58797
4418
78675
44646
78731
65308
48790
13555
38713
80104
6749
68375
75673
5073
27051
18085
27595
72266
88117
76846
90684
24563
77689
55860
49611
43770
95597
53313
27417
59293
78209
84553
3050
82302
49028
84862
70144
57504
28576
49662
77908
15736
64503
46203
14171
87439
7313
24775
18582
85797
59971
50151
61720
71693
20304
63687
6112
20538
26934
29901
54638
21699
10206
53261
30330
85160
54125
88365
1954
5240
84613
58925
66273
38201
13737
8810
99059
90383
12265
84174
96885
68396
27744
88565
81008
69220
50840
4370
69390
73521
62722
72583
58347
56810
92781
14645
90123
2858
62103
24297
93376
81642
26875
94915
93723
94785
33751
57902
63424
53311
80190
41686
97164
21037
11747
21141
67426
9293
15186
60562
20585
88099
4533
68417
4272
15072
3008
66275
76465
11391
97667
48828
70414
47785
29533
83546
61090
31433
61683
1008
58549
66530
98775
1032
27030
75938
55438
25853
52999
65466
72998
24942
6505
28220
4141
9471
10602
4663
84210
91428
46970
54358
5321
59135
16942
49136
89599
19467
91328
7570
82566
90703
12575
33745
81657
28556
55702
17740
56748
62079
69154
75688
33072
31391
94646
12381
7744
55528
95173
70600
18810
45212
99273
32243
5723
38691
68276
26153
29397
92912
95364
18453
90742
22546
40726
77166
22615
13348
54409
75884
68951
50033
78272
45374
30961
1405
72280
51282
58918
72708
36532
22481
99424
7424
47336
45963
15384
80831
94993
34193
65325
65951
73706
41246
86953
83513
66578
47891
58764
8974
61178
21570
96372
41449
91215
64924
33918
90483
39236
75841
46186
92404
28818
4234
2701
23918
96026
98260
58331
88158
99432
75131
17516
94431
11850
22776
3021
6407
39666
84105
54295
48410
81971
8995
79440
7163
99588
21934
18403
18674
44743
47897
22647
40992
60977
28095
96004
8993
44174
85665
35441
65928
72968
57167
59360
86927
83548
38281
99920
88977
74713
33609
17037
42677
99323
94241
2450
58916
88723
55089
35950
64949
32830
13610
89639
26980
79662
80240
61515
64445
92208
70665
57676
60181
88610
72407
42999
17490
17039
72015
18544
16034
34243
14849
21171
77205
13841
54123
62570
17164
85890
50520
41347
83955
65104
4824
19929
60020
38567
62522
90755
99933
48021
55495
48405
47150
23045
9834
2442
17398
97081
66400
25758
264
7339
70458
6448
27989
37662
43599
77234
87809
74957
28384
56222
89026
83118
84962
3240
40651
19742
50331
83711
61805
36907
31396
8816
34360
80543
40839
37370
18362
94163
24479
79163
21828
72356
59526
17153
94521
14624
63634
46391
80920
23161
53646
81037
54644
99155
68097
89130
22053
14440
66564
84582
24886
82423
10527
44504
7622
5089
19500
7841
77155
73958
94281
67264
90947
88732
67157
49752
29967
13546
18171
15852
73370
40623
65026
48663
18930
36157
99164
85924
94627
46949
54846
51967
17493
66957
43651
66687
4878
60398
9734
17260
44203
37820
11356
39187
97630
86767
50396
45919
57635
93150
75431
19876
42005
70552
71839
52496
94515
25158
94404
74849
46148
82594
61823
68474
88588
38562
80757
38033
2962
7885
68198
71242
94103
52247
61728
51387
46170
42895
15760
20354
70037
84971
92270
66823
46311
82417
92263
97608
5822
41858
57946
21065
55605
94840
14595
42365
88959
93352
73030
90154
71398
67241
26954
34102
77713
56055
86489
52126
43464
99093
68535
4439
94861
45873
58676
58483
68982
63520
93334
58720
60436
33168
2157
67573
35427
73050
69803
98304
76938
5903
32681
34027
76474
20826
24034
49084
30383
79901
29695
5487
76154
3438
49856
80290
35860
9932
72156
11508
38443
20749
37701
85448
43329
41773
78701
12912
88868
3404
32575
23177
45525
40581
5381
71608
78974
87776
85520
82540
86282
15155
87824
46736
69774
19216
40533
78720
55282
25652
77158
47045
24408
24487
87661
96845
24238
11928
70468
56853
73442
47040
65089
52402
19454
84291
49426
58974
97643
65329
73256
87442
66834
71374
86264
3726
55799
56300
1796
68846
78566
78029
81953
93033
34079
1630
91341
9097
12857
23293
18758
41660
41649
29507
66175
97173
75501
29007
89276
34083
35939
5550
38038
2803
49478
85337
31831
30377
96485
94122
10622
19098
40645
1904
40577
87775
7909
29909
29571
53812
96546
32167
38136
37564
77960
13570
46176
71186
61275
23583
16674
87017
62052
36512
90365
78258
63448
6262
53817
90956
292
97174
63991
33099
87961
36298
54216
45309
45037
6122
111
3981
21334
79654
682
59802
18049
15425
84290
20307
95487
87620
93263
77737
62468
47425
36129
58268
78283
66542
28886
21844
19145
75575
95993
93869
13067
85858
90418
32385
6338
71903
89268
51662
58491
77068
88379
28406
10270
86073
89403
61380
34184
42688
17058
56539
77288
43012
39998
14412
84236
93635
23975
63659
55708
63844
87193
37121
36164
18861
65963
20676
6533
38370
6435
2003
65339
51254
824
63335
25166
71969
95501
70465
38734
35103
3920
5135
4555
51361
70940
8576
31967
34374
94155
9002
31891
93178
86673
6494
73853
44598
70592
32052
70856
1552
55837
40686
52019
94248
59117
32570
73668
15409
36110
27155
758
91434
5776
38191
6196
47029
95842
85603
74909
6672
89207
54249
88602
86643
41175
4293
44458
9438
38255
84325
29071
3561
98813
79401
6519
85362
45088
59858
30162
58755
9890
43836
94781
98406
70238
81275
31113
18015
79355
7961
51672
33861
11455
70812
77316
91087
58119
74435
64053
43748
56739
65368
42047
64915
9022
60861
10761
95466
32911
75225
82129
35102
72307
51498
8704
60773
92244
31424
35214
58015
39816
57139
24161
36833
71703
49097
10648
67385
59252
98600
8041
81628
38647
99981
59221
47457
39901
5278
7356
84098
59861
84593
84958
33348
69649
8167
42378
44110
99957
1334
62569
9657
33711
49345
55136
48225
8543
63873
76109
26602
99255
45359
36368
14999
12146
37596
74594
4523
21648
81681
45394
77457
28459
84031
20134
99513
57572
84376
48112
26795
5700
61964
21853
26200
6562
84227
90323
27906
82747
22413
18980
91748
68369
30693
78679
31453
40106
61138
54547
84143
78148
2451
22372
74084
90339
17449
63230
2867
96614
71697
47668
85500
93239
32175
82136
55246
73478
44055
92145
32557
46851
36776
76063
42737
99536
3407
13414
58407
10129
8374
49561
48511
76626
31254
8280
32988
87145
41408
49469
22207
31378
62444
12200
26712
71085
18051
60078
8519
17504
5276
3933
14242
74053
71512
9954
47366
63314
36402
8261
53982
55091
94301
12268
29580
19765
57553
12076
93596
23843
22234
14375
17394
83746
56380
19762
38742
47241
83014
54416
68907
81314
14513
55391
99406
22001
74240
58282
54550
97487
19960
61649
83957
81162
97518
86598
92673
702
69461
14362
1171
54896
33300
96628
12246
73357
72519
69951
57375
85351
23872
85453
21337
87667
19593
499
72345
55916
56144
88225
79775
18261
56570
35272
91110
23425
61034
34833
21042
75455
69373
18083
9039
59925
22882
25999
21789
52047
23726
29080
43719
50514
91113
39970
57497
85642
39519
86529
69161
32638
72348
38863
51904
76416
85825
45230
95763
96230
20473
72490
20588
22510
69388
81369
47077
37671
56780
61414
39832
82400
86018
33630
97530
11357
67862
61260
70803
44158
91834
19248
17840
28705
79891
87581
90029
16675
15022
19699
46087
85210
64997
88729
38405
22526
30562
90176
46179
23411
56617
36568
46158
69817
15261
65957
83869
8645
32860
24755
9825
63216
91888
75771
67453
46279
62501
99860
47463
77140
60147
62264
48903
71378
414
9723
64399
28724
95420
19513
84715
48876
56169
80891
79960
11638
73821
35625
182
34583
66053
26053
53875
79323
36247
90491
44020
16591
26541
95901
65822
5028
9501
49208
23581
33315
50495
76184
48984
497
89104
39486
82911
70841
5584
5301
92802
58750
31550
81565
38107
95714
13193
84176
17532
97588
2233
23728
74097
49669
72716
60348
89661
9231
42452
36844
55663
36663
61070
91775
6606
9765
42053
64982
91686
33759
65280
86316
13086
83767
94440
58465
63648
18193
4724
64355
45546
16209
3094
57851
5779
75674
4133
76366
93042
74266
45693
66087
76909
46623
19675
16476
20464
90214
48636
91845
23612
90113
55333
86485
11444
13476
56848
54723
54130
96590
35041
90801
88344
55585
64058
52463
23609
55846
88475
88639
50110
32559
84292
80832
35230
86201
93388
16493
54084
30595
98732
99917
90513
39195
5112
10503
8379
24873
94213
62025
26304
13534
68299
60056
47092
13554
35753
4100
44021
32443
42235
40672
4930
6343
99480
21696
40830
69069
76585
45059
59827
91654
80843
83602
605
10755
33893
95737
38355
21342
4685
56569
52298
37078
63763
18331
45132
31996
64671
71208
8947
5531
14929
87913
46759
23486
15734
23216
86627
49376
30052
52592
98720
70192
83475
40049
39922
52832
59648
31237
81896
32224
17247
74864
98310
15620
56342
33407
24548
11250
73515
91061
27821
4636
3641
39428
5762
13742
61859
48450
81809
93901
18318
96652
17294
54732
4377
99279
9587
20494
55356
20137
71993
5523
79583
86437
26607
89549
9414
28228
34684
28435
29768
99598
5800
82171
87322
66305
78436
55414
48247
93980
36876
14382
9103
90795
87070
63345
56174
35975
49821
65778
40916
58387
96112
72131
23678
46137
27031
75446
46488
64540
2395
29378
10884
30018
82001
21229
31428
16029
19575
31542
58344
41625
48821
18004
58910
60358
92324
2989
81113
3265
76935
84791
67865
7488
80039
88285
94319
51431
83233
38664
87398
6278
71412
22120
86734
66267
42474
65660
87711
58135
96158
48242
11167
800
87993
44113
41666
38598
39489
25906
106
87133
50032
37807
14431
85422
85755
22287
96594
51878
11843
81130
9784
95768
25294
69903
54442
15670
99763
65916
57357
45486
47596
25009
4661
22392
78935
37876
92835
36135
79020
72094
48100
97774
12334
75052
81187
19385
24814
6230
18173
87420
68691
8395
32414
51684
53840
90984
22785
29294
76174
38161
50922
31191
46261
38102
19224
58665
58800
56843
27158
4409
69664
30849
72714
65994
53363
9600
82587
66584
61767
7026
59713
40350
83171
79727
58718
70882
78370
11695
93777
36344
69443
13138
10842
16580
84216
94679
91433
75226
47676
25580
89040
83126
26149
94571
2696
51421
89774
7989
66179
41158
36571
95976
81217
33614
35573
62524
11937
55145
86588
24090
86220
5970
98779
65191
8796
25723
58004
83875
25880
11489
85511
78814
46805
95060
39868
88598
58603
15355
16559
66320
81535
60544
67215
42432
34017
67851
53034
5452
62194
96477
90507
40609
52669
15799
44433
1641
46143
56888
47303
45224
88987
6756
21811
97232
31430
37553
13366
6790
67277
76719
28693
51297
96159
206
57532
28244
94250
88881
43981
80971
81416
24281
94456
48895
26079
8162
76037
84891
26298
27081
68185
85984
73866
33853
95409
70705
21950
174
208
56532
32453
68411
62739
63646
56704
93764
77183
570
27558
11765
76968
75306
55437
53708
79211
91583
24845
97038
20791
8832
41104
18007
73458
24259
60488
96484
71088
29033
69382
84218
25531
41109
1263
46749
17448
11082
92137
14452
76468
53881
21938
29041
67520
3832
63083
95363
22488
25272
41572
16134
80907
37410
29881
20540
76824
39627
63096
24051
92352
7135
1348
91555
71946
6932
41400
75526
61299
65449
72658
35165
93419
13798
65245
82798
3073
31604
19879
57463
53733
21826
71461
72722
10021
6666
31857
16869
92312
4586
78361
7632
54908
25410
71746
98380
92869
47710
26427
44567
58625
14364
19993
56085
93132
99970
3668
49277
58063
47792
64216
64448
68455
35562
53658
63067
80730
4981
66814
40752
67657
18347
91254
67707
62593
29344
10704
85731
23963
12727
2215
21086
8500
89631
10064
96572
76391
45804
37178
28099
17674
6638
38297
24447
21225
8560
73696
24537
15175
45286
33106
23049
59546
59488
67224
37851
83533
17956
9237
56296
16820
8394
66304
8099
59036
51706
43993
8979
1570
24779
16945
26724
66911
11400
3301
1975
75299
58294
75689
9352
16243
15870
19773
74190
37373
21050
5311
33246
81108
6576
34735
79256
62105
16152
58992
65302
29678
79295
21904
57111
4244
36715
51554
73615
784
7011
47977
17351
28330
45555
11882
22241
56616
15376
27737
93425
66180
52278
56531
31683
94654
5819
85948
80170
40081
57493
28334
39036
3891
13928
33388
1753
41832
18044
54309
53792
86931
59649
8713
58633
64522
75093
20496
57488
80551
66410
34069
65263
1807
91682
82149
40184
91322
1659
95657
15316
2365
35848
46477
74006
42858
20895
56645
82690
38320
64358
67099
30525
53988
175
56204
49968
81465
7046
976
2022
14683
91933
23939
72715
41934
56562
67440
55161
54302
27185
32718
27226
1526
50803
94818
53773
20047
14490
84464
43419
7201
67900
46095
84102
28436
7407
78085
86092
2431
64005
63578
51658
59209
77128
75813
60874
57541
8147
36125
85868
25827
88857
79620
16287
13644
75288
59040
26465
10324
57705
82660
40198
93660
78243
60274
65007
3196
24961
47616
95835
74589
52708
87912
46417
56505
91247
45176
55494
2457
64363
73963
75697
82242
5644
82141
51839
36196
44659
71291
36475
36184
52242
11467
69342
14037
29241
73034
7175
20795
99935
83655
67545
73159
94469
35482
47352
80038
72130
78776
81567
73424
35371
34134
53307
74563
23577
20122
69921
5257
65733
14345
94332
94932
57731
19784
24307
29061
7907
722
58069
89177
50081
88430
91220
82988
19543
34948
40160
54928
79880
40423
53869
1629
98449
14162
15446
73725
69608
21641
61177
59005
82733
95197
21479
16770
63440
94772
78838
5324
88400
45448
72290
48032
71183
23912
15680
55263
82906
56495
65548
41286
69231
97407
33766
20076
98817
15587
70439
24826
49318
98793
90002
5066
36324
4001
37521
22098
81459
66897
81467
69102
20685
73309
1961
75739
92004
19654
26390
40022
3272
23195
29264
84036
40217
31246
50732
11862
2722
64891
53968
34630
6963
23689
55123
67022
3774
14181
52773
78141
86357
47488
87358
32945
39008
11668
4775
48486
31164
75675
88658
35335
77826
70642
26425
25496
58691
82396
62617
89113
54399
24608
3249
28206
20355
25002
64751
52985
43509
7415
46855
94701
72103
51572
94882
25699
68923
98708
14717
5573
71416
53721
58741
32611
98057
19668
20746
88640
93397
38695
97349
45694
51855
51810
68340
96342
49261
29724
21
81351
13214
2439
59986
19222
10350
98869
61550
51892
37958
6260
38609
8074
94892
41622
74974
54634
1046
90273
13182
54467
9598
95935
37218
48367
28431
3222
54425
81545
58701
80836
69634
43446
10636
5961
65551
17085
17129
90816
37869
32310
34167
49619
80177
41569
55640
24799
38142
59317
24421
35349
651
60462
56530
88412
42841
6977
81494
9969
72825
12656
51021
46939
24524
96051
76690
95759
63194
12604
35620
2402
12427
67904
93947
54640
87885
27912
29312
26967
90509
23743
76128
48982
36375
79533
74052
63626
65314
81670
76245
34121
12596
21386
33389
87851
44183
25874
55521
39912
4379
76301
52997
41865
89064
61022
71649
29954
90817
55539
99166
77227
36720
30663
27076
97288
51137
56264
60347
49026
63965
31042
77797
47537
67019
32963
83795
32326
52977
63284
3557
68105
42063
16121
51956
44266
98349
45851
51764
11892
50970
73486
40197
77102
13580
82805
48746
54341
21189
67239
30598
3915
30203
58899
46690
75723
6817
87082
73150
17168
69305
98273
83002
47038
55007
80582
67794
29474
74174
7912
2507
15784
27910
62177
80496
80721
2564
8244
89023
60624
45783
21051
58314
74831
10598
94369
16253
21436
40161
11577
45935
74125
44010
45921
90989
79387
41148
640
19758
65097
11048
32319
55599
57654
65941
33445
92866
32281
94558
36027
28243
95535
71793
23353
56702
38975
52866
95512
13094
20227
37624
52577
96757
39654
47963
39751
66201
55942
92437
67683
86472
4806
1472
68800
61781
74348
3149
81303
56628
76990
39886
18183
85986
65944
83321
49608
68164
89810
71967
61860
3358
54994
47896
99436
96237
74960
22238
4846
90642
91311
57717
83410
14831
13634
60025
58358
77194
71024
88100
70339
78336
62508
46807
71277
99573
83335
62840
10226
98667
95012
2327
85241
62008
13855
15772
72700
33600
10315
18849
48365
96805
26334
66007
23232
26879
6353
14185
11910
38921
75990
17636
35071
69468
17054
90874
52432
23580
5633
71343
54876
38462
66809
74513
65023
97751
69188
60573
57077
48386
60543
52685
50963
50497
3779
29673
37356
46803
44768
68711
47200
49950
5905
99753
36238
47520
65342
39389
15968
79798
98137
96018
82830
92371
88239
82436
53860
40179
61796
40512
50842
61287
5182
30748
92078
39223
66178
11917
28868
25592
45852
89999
53416
19016
32577
52466
50891
41802
57202
52253
5636
5386
56506
39799
73000
56426
71432
50855
26565
46047
68944
24354
95504
48639
98015
28967
12443
89711
26364
40133
21812
25431
93996
90673
48980
38119
39862
87994
74165
8011
4690
74656
54407
86444
99695
68895
30045
14538
7832
33133
49963
46529
27279
35807
22086
6111
88444
59867
88233
85239
81867
61151
87699
9436
18580
96524
25872
79652
55519
57042
47184
12862
82738
90092
52933
33818
62085
48683
19152
78660
6849
29110
43607
96017
45765
41000
13911
15722
59878
54852
26021
42502
50960
54738
55276
72018
95915
64668
60666
24805
27675
18197
35421
66728
66323
94543
2153
32612
68802
40377
35424
93700
84395
46017
61563
20546
48995
9489
52635
88549
87700
17477
53062
56286
8480
27799
77697
15624
64003
54581
20224
29525
13344
84761
82611
52490
35145
88169
69007
67034
36700
49475
82293
37447
26942
39016
17511
38392
147
47121
94401
30136
8521
88463
72721
90121
84946
77063
12995
24239
12545
47357
44849
71382
27249
5690
25337
43835
10878
11237
11097
56691
72138
89028
98743
44907
9606
10725
41975
16806
79100
83717
53727
28924
79873
94064
51738
85451
36654
87508
16233
6292
24246
9703
37966
9492
37514
45304
1902
83670
49172
56147
43316
41462
26986
77523
59189
32149
57409
47739
81009
94864
89182
67183
87633
41596
32024
22402
69402
32838
66115
70217
72966
37296
22894
17950
27789
68329
30837
82192
90105
44661
22374
63706
94145
13773
86130
24858
80475
56590
74965
97922
73276
78383
35511
65516
97709
9529
80815
83190
89030
73544
58259
23071
35106
60194
44913
14200
77901
95120
4889
36643
22969
6482
55148
36103
1319
32351
35246
41668
27322
5544
58877
96994
97293
52746
29833
64661
32914
81787
9212
93840
36647
96684
82493
82569
62007
11751
67143
8131
80690
63024
97909
31887
30650
19321
62582
2574
73807
40871
13235
65814
63860
79158
94900
11593
48946
28485
14894
90010
13021
10332
11911
71524
66230
41654
18683
59321
5456
24642
64892
71320
89019
16104
96356
78742
17180
16693
59411
83619
57410
24316
83048
28678
14644
50995
73006
15800
20832
8198
86236
41564
86764
66208
85291
49011
29924
53460
10171
97882
63614
9793
12496
65215
86305
83486
93125
16309
74183
54173
42630
81960
88730
54370
92220
92466
36159
13149
20286
31197
63349
27790
90860
63675
87042
85867
5852
53780
47582
62534
97183
50401
69799
31990
77736
94763
16026
83252
17427
42327
21444
45031
70668
62914
24959
54336
75202
31830
4678
99542
12030
19919
82900
62752
79465
24276
26356
19953
78561
81473
33006
43502
3368
18634
30138
98493
2549
58497
68366
17125
23095
31476
23987
7600
92792
10915
22035
67906
41303
76482
27483
18294
42784
91503
23893
91077
58058
73756
24257
96334
64786
9528
43533
75550
15089
77525
7636
9637
65467
72222
91009
31563
51436
41672
26778
64461
84572
42655
61858
81860
89301
22021
52522
98848
58880
23399
66054
68722
20817
88801
71300
91947
86463
14000
71247
11755
97189
71655
38617
20708
41270
32689
12512
82610
27058
71460
51149
69173
49616
79270
51703
41212
25631
53619
50690
47908
64227
79159
19913
99000
54828
10004
49454
86101
50003
24278
25035
15667
86630
11830
44389
42871
84894
4387
7386
65262
70489
10642
29491
66637
62393
4069
83673
61918
83097
72983
72598
22768
61892
49141
80559
97811
71713
21691
95479
1484
23056
58269
95765
43736
47666
3867
51906
43423
54107
98149
45458
30349
56582
77406
60385
50506
8416
76367
32320
51029
84705
85346
13702
34263
60685
83449
92555
52938
74421
11327
39125
68772
44874
26387
69808
67787
70322
5922
72263
66346
81093
64767
5193
49733
84721
71154
16097
83437
98032
30872
37312
39723
11949
27385
52738
75009
64328
72638
54401
32057
87609
84974
6303
35926
1566
75898
59783
58833
43268
36414
94125
23758
2936
34273
31940
77178
51015
99136
14762
97801
10037
9330
71924
96541
70469
15767
78715
53961
40363
5925
8641
85403
94190
57972
25639
9921
86238
35493
67910
93380
95372
64315
57994
19532
95441
89929
19724
53998
347
48394
97606
69456
8653
50046
52030
52228
2464
14628
14453
88411
49646
67751
30279
90748
62069
17844
51982
84025
48587
52716
79918
92345
25963
58200
20507
42575
93880
23547
46125
92719
36538
61827
65159
57882
52645
54007
4952
81923
4018
92418
52214
61467
24159
33223
5218
68226
51362
59685
54392
98463
29369
32976
55369
31090
81104
86430
91249
82029
54590
86178
92429
63902
46748
72664
59944
94541
76079
70351
33322
3153
78109
76655
41912
27302
1099
79395
97609
72950
26969
56781
28507
68756
32721
46726
51629
8448
34966
18445
48402
6096
24053
39285
24950
75028
10161
84252
27269
70178
44282
66770
43721
15116
8853
84969
95729
35580
15282
12214
91418
69181
14032
23835
7932
52071
7057
38984
74468
81183
44589
18583
88858
63097
63945
74222
51134
17483
62431
42329
40884
5520
78441
97813
12769
53594
25836
11102
94433
6850
5880
73096
88404
69655
69628
75860
56733
22326
40349
71001
10675
10554
47614
24015
86398
84900
40756
31101
26245
93894
36817
80525
88308
28107
19009
56360
60404
96982
2189
80008
35688
88604
51991
31500
44545
48772
69116
81823
44572
51028
47351
4130
28274
27028
49506
63616
85963
21320
27091
78172
79354
98284
62683
39511
5012
20799
67137
27702
46671
70138
91602
44392
7823
9859
46398
38812
96113
98063
26373
692
40190
95911
911
36162
28264
16265
50834
56994
86521
21470
62609
44049
29670
68123
82228
76148
92183
49511
56469
19963
11774
11934
68424
33068
47143
86001
3203
76150
86867
37492
76049
2131
2085
44320
41430
45384
4474
41601
41247
86436
81573
68136
43572
39372
28002
87424
68410
10691
97767
1412
37411
82838
27832
17903
10058
77237
54930
21162
78220
36067
72442
53744
41976
7015
4906
90427
30001
10470
8698
75119
2204
34636
70223
81939
85977
97704
26719
8911
94406
25927
3872
49513
41782
55395
80821
22887
61482
5064
35829
51448
629
52484
84133
31471
30240
62950
84066
28519
58165
70551
14376
8445
79447
22584
27648
10041
83226
92579
52133
23828
3938
71920
33647
96518
60962
73550
71397
76212
533
79717
14565
52042
64258
56502
58785
38862
58546
41639
56218
46151
33754
7827
2047
27285
48480
74736
65228
58233
19617
44518
14504
99194
9690
37513
68962
7452
62506
44779
61115
77563
23480
57767
88657
59655
7704
74676
11236
11781
26902
66711
44042
57849
33164
43156
51151
60010
31669
59126
17894
66352
74457
23640
53046
56292
69578
49773
96415
6164
75341
78815
64075
56010
72251
99856
29701
33925
51145
21474
57952
49867
52221
35499
72975
66598
48832
67192
70006
7680
25866
60790
14647
20367
39006
84776
19192
48116
77657
83834
15029
74633
38473
42973
24013
28746
67717
80516
42379
73670
35969
86636
33629
10954
17873
4110
16666
39851
60934
67412
3083
56383
75046
60212
11108
36254
48514
23719
95239
13027
84833
13926
27575
74361
78268
54913
39224
28149
68624
63060
81374
12700
11216
18802
44555
45084
93919
22725
21556
46415
19849
63892
70477
96756
47962
61635
52272
26229
56033
74778
99357
72834
33842
15213
15915
82222
64598
92683
92957
4556
61126
78166
71758
80729
5753
55053
63560
67415
6547
80997
43623
48523
44315
93123
84366
4513
29357
43381
4122
66419
39643
66984
70850
89862
48406
58932
30738
78781
32699
35361
29292
57651
14648
61039
24569
43103
14160
50004
75319
99258
64532
97550
17061
75379
31137
84130
32975
98958
86907
84361
16211
82169
97808
7944
45601
68306
16686
72075
2589
73629
90265
32272
92403
70109
8214
72320
91086
51129
22007
24384
75053
27750
65572
31411
32377
15601
67094
81021
23477
91906
10082
54558
40827
73313
70145
1972
90938
79595
71076
66475
5684
21148
63791
92439
71614
16984
64656
5597
83094
28173
12773
84182
53760
42769
10258
55947
3718
52109
96715
61595
64617
92522
91466
66334
89164
10577
50705
40873
73319
65203
70135
38791
28708
38045
24780
19592
39942
52601
41590
17702
54142
5886
65842
24024
17589
28471
55226
18697
962
70602
18790
84555
45836
84626
42927
93675
17327
58470
35903
93807
4681
26676
59559
10529
17464
57190
95653
93664
89048
82241
85401
64908
97104
1775
94094
71311
78988
30875
65024
61367
99203
96708
79765
46304
94008
29616
94887
57342
67275
61997
69594
89903
8894
33690
68388
5080
36764
98566
57754
29355
56608
61530
65025
8238
27476
18215
84797
9393
35343
17944
99545
71553
23676
20030
51390
56606
36994
8753
54387
47698
73542
64048
37615
21405
33603
71709
84425
27208
86545
23309
47484
45591
87528
50504
27603
66520
61966
57363
31801
51174
57689
25065
5521
86519
27301
1569
88641
66498
68496
15881
99403
80739
34503
30278
65500
27538
10048
11618
67668
92304
64613
61334
77673
30987
89981
7838
24853
12126
53626
10813
86171
70282
78024
85489
52371
7516
62704
53677
5991
47093
62395
11927
1841
61566
55393
49535
54961
88512
77584
20530
9398
35034
13
68963
44537
12398
46751
7325
69440
44526
23669
2706
15600
61106
88015
32728
57556
89294
32204
3898
59585
55456
33809
51370
60395
28627
36263
77464
44509
64985
72108
58960
88082
79115
90129
14443
60645
80237
92880
31549
61685
78397
41683
98982
58523
77884
68839
24957
3405
33062
9905
13596
49941
60733
45420
21625
18281
4657
20535
69404
45293
81418
21589
38280
80731
89896
7943
47646
31249
28331
98892
30582
73146
29490
92671
42464
36147
21518
92245
4815
11189
85650
19111
52317
39592
96807
47043
53067
10508
60498
85090
78722
46060
68044
37311
88190
70285
39379
49563
26820
77844
32541
38673
96829
17960
10160
49617
72922
16023
30459
23515
98717
57405
90842
17484
15056
25108
15528
48014
7507
81218
65222
92049
43994
4477
61171
80610
32694
38212
37205
41415
54567
70784
82648
94665
29503
74686
24453
2272
9076
58335
79039
76560
85407
18991
20135
6431
85628
18971
66633
8987
63919
81754
61477
20038
94336
22953
27691
20309
95245
55130
30933
85893
93231
146
84042
31286
95972
85296
97649
94570
9687
3519
82335
86354
69211
61755
37989
82273
22085
3276
85578
5007
99813
31667
25419
61267
56715
80325
5659
80416
58053
27119
16201
14852
81360
49825
319
37095
29539
17568
77909
44711
90136
66773
74475
37435
36788
30362
39087
76101
66223
95750
2071
21045
15633
55204
35489
13180
98811
54367
18264
19365
89285
34339
66850
6950
35187
65318
9929
88249
14525
27454
24504
64112
5661
89746
45991
44866
65515
2174
1671
93572
4546
56961
82602
2078
70580
56492
54224
66701
38946
8002
64311
42401
5769
47046
56220
39150
13278
17081
72167
10121
28163
78178
13927
37166
80594
40165
37111
60872
39902
37712
46511
83386
21989
33111
7238
19424
40995
20487
79650
77029
9477
53877
38484
80295
19847
53366
75110
38139
12819
59439
66191
75862
81096
27159
53715
99569
46920
86224
32146
27681
15273
76643
14963
51561
98190
49882
34252
68132
29066
53753
85298
8331
70107
62599
44512
64182
77579
97229
31605
8569
38799
76025
20987
94746
11446
17918
18031
84973
21730
98799
10553
74280
69622
61384
22718
60402
55943
23811
83366
71344
78681
39506
22347
96771
20292
84149
26029
4196
59951
48872
50645
1674
18280
59702
74922
34059
12346
15854
72124
3652
58897
51958
67613
37717
56165
55868
24661
99198
7176
61652
63197
66788
96461
28199
95102
78784
19287
89712
50231
56205
8954
77757
59168
25630
56719
98903
39281
18292
903
61977
92272
92176
71936
59130
28789
42511
68287
13213
9914
88568
71727
95388
73843
22716
80238
98491
72298
84372
75528
86421
17195
85123
94529
84649
57591
48732
10981
2781
20470
74285
43636
68056
20846
43660
39518
11812
35566
40146
93552
44267
33329
45620
92930
49528
75811
20575
2326
20526
22445
52643
18129
87694
4299
26632
26707
62640
28045
79356
44805
51456
61526
22556
86980
30722
77522
79365
59072
84508
7123
86906
872
14642
19990
14653
50398
87575
31340
3952
47305
2910
37726
97112
4485
51171
30151
44827
28730
79528
64873
70094
76131
16060
75356
15476
32875
33941
582
82809
69481
96145
20658
82269
36419
75988
21927
78149
10358
38461
92564
89212
39330
44967
7192
89678
18187
14341
24986
11999
42187
30615
42922
23310
82719
70593
11137
21632
1977
84032
58662
43352
98696
37777
68071
83928
2747
22071
30308
60233
78492
90689
21941
42862
37572
4235
92592
65760
89152
88935
37234
83979
15221
61031
18829
88596
26268
40960
33919
16424
93189
95696
98885
38882
77619
59351
56687
45868
20691
76528
5816
60665
59940
15300
21036
96631
93561
46888
32993
75934
70544
40080
93166
49554
78421
92368
65067
4249
34139
12825
53336
30068
33219
84596
88102
24108
19042
78291
77438
90566
11686
95472
66926
90579
17399
39864
90041
76398
79008
13411
52167
83940
16460
52092
25081
11772
21754
91062
62032
53359
48288
87297
23456
269
26206
60760
16367
21777
46946
28769
61751
37801
10982
48382
33838
84441
53583
33685
29500
11306
94563
46782
89277
37877
94720
382
94623
71371
7107
20270
75895
43417
78072
3354
56517
94938
9156
94479
59988
85088
75592
85428
44754
33910
15170
18859
2059
56974
17673
93986
99739
98674
61053
39020
62187
37535
52425
10903
85872
42226
19302
31555
52829
33202
8958
30382
80486
26553
33605
51625
6602
24105
95916
70333
6204
63263
17657
22261
72963
46440
13136
41584
94247
91163
5620
21200
57491
57879
63420
99571
92425
61984
34707
78772
53894
41852
46377
82932
21553
43558
56400
24770
10782
79498
16719
2694
38632
1245
41712
35080
48046
97355
45917
54139
21824
8863
26485
56967
97806
19744
45846
59285
1453
23638
19003
6276
66659
24224
76125
27254
17746
79787
93018
90351
18695
40895
85533
55030
73212
79149
90731
19534
42141
93180
81887
88506
1136
85502
45934
97047
40531
30720
92538
98257
30191
51005
75029
84086
82190
91419
24196
58602
94947
91749
83785
56772
17207
40640
16110
33968
62500
88168
54031
56398
77882
56328
54151
33825
94983
32635
87934
27451
14723
84935
28780
28059
80867
48433
87397
32296
35331
87110
34543
55689
51075
75429
46126
32905
67924
84140
50699
54884
86713
84403
20606
21384
48773
51978
76075
77540
58097
47204
36003
37413
88061
27817
97088
92919
52571
6670
24796
90601
50985
1096
11867
10977
26095
68159
11379
24519
99785
75460
43252
96232
22983
66
6712
90287
32100
20455
24201
92445
68749
94166
60909
74025
40522
53222
22332
60058
61369
1605
30817
78394
8670
72386
90357
65394
18856
4496
41007
68402
90759
42808
20070
28712
80794
8016
18708
33571
67265
94953
38181
19823
99244
62257
67968
98521
98692
2455
26507
45587
56100
59259
57143
22167
27352
50360
40430
9772
95051
14633
73533
12282
75786
49142
65809
92976
81301
56937
52142
31369
5729
55904
54050
23860
61572
90454
1962
88780
68487
50598
23164
2844
69162
54191
61489
3486
1996
96277
50691
93406
32608
22945
90269
30069
99715
80342
61137
96150
66298
5996
699
63921
35228
94224
61743
32515
54999
3077
20633
77615
29169
96202
11063
82650
68478
5267
15128
72242
10531
6160
64064
92867
30862
60501
71759
4022
71682
91641
29907
67113
29090
4499
97273
67826
14356
72559
44560
73235
58454
58060
79254
65132
26890
86634
61993
26492
30039
7016
69387
28141
59078
64482
77701
42701
85639
36343
54526
5836
74234
49978
79862
35166
97063
52321
4358
97123
10999
66930
10499
10323
61374
90517
39810
4732
36114
96109
21204
88755
37306
68569
34526
2705
71551
95458
1866
40143
16532
40854
92149
40090
29753
817
37174
69684
79294
29687
23254
37313
75546
91069
16672
1529
95674
18314
98570
42759
21591
47000
50585
83537
22359
10540
6456
44590
48622
41215
81336
31790
8525
68463
62074
71328
59166
61092
54093
35292
3988
97029
68773
14510
99692
91921
6703
82310
75041
5721
5354
70260
935
19142
48711
62457
26173
28026
30226
92906
10515
63667
13516
35122
59228
12506
34870
43335
16343
2393
66560
3706
95303
97503
59011
86293
83736
96075
39580
85837
46767
8297
17530
79723
2601
11783
12067
77881
74539
74637
24697
95868
95888
33935
86821
18282
27210
65982
46794
8402
34504
3342
27845
88310
34714
77793
31693
90372
29092
45299
35357
33976
48431
43711
14119
92464
73678
16999
95174
87146
18380
88927
5622
793
27800
89566
93936
33086
98615
42368
56014
42996
1505
56746
49120
60479
56419
73526
40588
13756
39072
68108
41994
11025
73976
13628
33263
88271
66061
93587
57862
2109
71299
17763
71084
85211
95281
59829
45414
90233
50390
30992
31764
71352
10566
26925
50814
71768
66694
5215
54702
7362
63958
44347
1538
63825
57574
4375
40880
12647
71283
43534
22861
73529
5890
63100
10938
18770
27419
10238
50924
95043
75679
31278
27870
19158
812
22015
867
84851
41990
8358
50067
90266
19379
1969
32368
90670
64136
57803
12980
38845
42482
29133
38021
1702
74556
86973
77631
45575
26435
48721
59399
1083
85667
19708
60852
77504
90903
35592
41435
95396
13899
18008
46850
98534
8149
56198
53530
28069
86695
44935
17175
87200
42463
54330
63432
58615
52612
63957
73020
17981
68208
19761
89525
26197
3173
78573
14841
58767
5481
43382
87841
45594
7899
69855
28433
72104
85560
21724
20313
12994
40853
2779
38641
69723
50288
87054
85737
62378
28402
61656
60208
8735
16490
28597
21350
96724
68696
10826
69017
15797
1768
85631
72930
78522
90864
50132
33680
63324
84746
92259
23571
27345
21184
80517
51899
56979
48788
80735
6219
22196
23040
69666
81690
40568
85762
91847
62332
777
60596
49042
27116
28866
19076
95274
80365
66256
64010
48037
14636
6810
54140
56331
39930
52447
90779
4984
90532
43249
86240
10818
31352
39000
3998
27554
53850
72383
22213
70481
58645
55547
35206
39721
93273
76910
31853
13515
11476
93179
34871
70568
21025
2070
6904
94574
46404
64017
8718
71714
81579
29456
25141
34426
74347
99069
7621
88754
4558
51907
16471
15309
94000
47413
42936
72844
61221
69874
18686
84959
44429
65592
99471
81985
3225
46011
86771
48598
16904
29265
26564
40416
71573
91018
86274
43933
76981
94314
96726
941
36145
45498
97436
68932
37444
16191
53993
86221
26257
14500
32788
72667
3881
91758
32679
35766
46549
46012
81120
98996
56412
73368
32991
91409
9005
90015
73257
7198
26690
39560
78828
17303
19690
27590
63392
7866
89206
95096
45841
10088
53859
16237
14058
22670
91897
40980
21968
37290
28857
10801
34174
81147
76937
28952
57309
92326
76693
47608
69206
51158
55219
26813
29437
22807
20996
21046
1881
60940
76734
9897
91831
25646
68820
76616
57402
49437
53947
85013
48857
85675
55815
48877
22263
94636
22918
30038
46719
85920
19845
47050
89816
38547
94827
97899
37099
12253
92495
18981
77090
50325
4896
10481
53952
93992
65650
43716
54244
41784
37897
65201
39907
85471
86903
28440
98385
53131
6136
36013
6123
39999
71408
53512
70635
96204
92079
87556
54105
76787
35712
26936
74547
86492
60616
22636
60468
51490
55714
28939
8715
20855
90261
35575
72898
95709
46274
80752
73511
88272
15042
37140
72946
89501
81029
58780
66513
22796
14118
10478
93961
97769
41312
87458
87929
12296
63449
87360
66266
15379
46042
75378
37907
11849
49431
61190
73690
3483
57319
83311
73605
39033
44767
85272
82606
74332
61601
53513
81444
39283
56958
79442
63461
66815
55826
33327
96292
34874
30546
61504
40472
49765
55146
97053
71198
32129
40935
9228
51602
26308
12913
69233
21880
53308
62912
24434
47070
29760
14987
27204
51069
57636
76806
51576
55983
94599
52313
69244
87653
25219
63683
41696
97580
11659
19836
67960
8806
93905
35914
88761
37134
12628
36991
74454
39167
62405
20379
54923
13061
86881
35890
2605
50841
47788
324
58052
50858
9439
84840
94994
84448
12508
33030
81750
96374
15902
30935
47664
36866
37666
75731
30685
21897
84751
80955
66013
11392
66170
10184
98047
40607
88399
35010
60832
51626
42994
81716
19422
69904
90227
50986
46867
12055
94057
71427
20036
2470
20856
74344
12116
13541
21521
81032
88482
14705
9987
2426
60076
7679
99843
28761
41585
76878
73743
50612
64564
50407
37749
2089
69271
61558
783
58145
37640
45920
75042
43894
77661
34617
64390
94964
82291
32513
16907
68032
96540
59686
25137
68462
61798
64977
31446
8956
99229
24067
95049
2401
38452
84298
82378
75115
66412
35711
43324
2263
10519
40849
16397
86131
93390
11367
61078
34445
53489
55619
86233
12711
45171
60725
19239
82728
93725
41324
5164
73773
70176
43902
72578
21276
25885
57029
74631
90378
68570
69038
46900
53442
61920
35323
93967
33877
98299
35563
74622
32430
79390
94457
43325
40845
59912
92115
91714
73380
48474
41287
93543
81699
49298
62669
43344
54121
6232
62060
28161
63796
68284
8648
30013
33907
94277
40269
97395
11975
72891
67518
73106
88583
293
98235
92201
87429
40180
60114
51610
9394
63394
82897
27012
19127
40127
16205
20968
73107
81331
89882
62433
74436
36885
42347
82424
98555
30747
16073
14561
3868
25989
48136
22105
67331
76271
84489
21787
99361
99595
23086
30495
10966
44634
19272
10796
56844
71101
32599
46921
71605
59233
68081
37147
6348
71099
99066
38067
33803
64808
76521
31889
63062
3974
39011
3093
94880
82266
69424
75001
92689
62583
3064
82961
83213
97554
61513
40218
1586
31850
74684
49046
52516
8651
63811
85695
24009
57394
31454
84222
56599
9661
84708
7019
45584
29927
57071
10012
73893
23259
7062
14519
41392
68602
93046
65407
12768
96360
9304
54848
83635
97103
72848
65192
57945
3841
30440
29929
56639
28811
48041
60601
88455
27982
15855
90878
21015
97784
37834
23595
30019
31927
81779
44557
11411
5657
88023
54796
34024
20680
22449
45792
94042
77226
58746
63681
42500
46822
13030
10236
22599
60030
80618
57024
24466
21837
92391
61036
82579
5859
49051
57429
27246
60771
64325
40570
34178
18574
59463
38472
22976
34433
92407
7084
9656
16611
51058
76346
71179
10191
26629
67181
80062
82371
22441
76513
22852
42603
64092
78972
69333
15489
72621
9147
99173
15466
28291
51166
84178
10925
92139
80316
31327
87223
5427
94973
19522
87435
28492
64208
37239
62851
38768
96242
34229
1492
95540
33887
86923
48391
82950
5817
39400
77415
2302
46640
66375
1262
58337
37507
54545
16389
27499
44855
88523
53526
11225
31261
84165
94955
37931
72623
6486
55993
47535
50790
54835
14383
81510
29801
2890
3829
64683
41130
35660
22791
67258
27651
52798
63881
95760
80654
7360
71872
77296
35733
20155
60846
17397
9920
98280
59352
86655
3928
50873
68794
14167
31170
77528
13176
39819
6979
65844
48977
90149
85185
70448
58142
39481
55900
77669
88870
15626
78767
52289
68052
60883
74452
82969
5472
18155
99007
32944
23862
48766
9069
92006
33489
37045
6011
32464
69931
28541
20184
61696
99747
26457
91860
43939
31274
99202
80841
44765
79549
11552
5163
67216
14084
22872
26004
94127
39394
44881
4613
28825
47758
53728
33762
53015
73994
43932
90974
23466
54992
81794
56270
81022
92363
93812
58942
12433
85577
45387
28346
26647
36292
80895
7122
40983
46401
36328
47850
99363
94573
17049
7466
7887
52182
61704
23378
68600
17278
25935
26270
90385
50281
79773
47379
90836
11184
78065
81025
34997
41866
69802
37974
25612
92847
96420
94959
7970
77271
82274
30813
75506
51056
22981
8386
97779
28496
4634
89253
14168
66962
64231
68915
65752
71142
34265
63421
73988
181
55881
25881
15119
69192
96427
46738
33557
57324
25513
52648
38736
91300
74954
45489
56214
92247
11536
90728
82255
46057
91145
59365
85707
84569
92076
67649
16699
40316
74050
41070
42199
37289
92021
12159
53112
54136
59331
1928
14580
17656
67351
57756
18604
10340
58830
4348
64793
84125
35724
93413
88395
97396
83401
23269
39515
55974
19368
66508
75920
23349
67878
11527
59055
66774
41231
98945
33953
20925
43208
88312
27719
84640
96310
20589
80804
88186
5212
31929
78298
89233
82249
77666
34991
26599
81894
46015
99239
94719
67682
49243
22148
20918
54014
17837
2862
81109
22062
35044
96099
27523
16755
18599
67964
59699
66804
46633
15582
7662
59077
78990
37645
54488
81045
22853
8503
41350
4197
85194
45891
37534
70324
32600
76763
79165
72512
44346
46454
99425
23734
72540
45577
77319
84048
86071
58734
30900
70838
81304
22101
65211
97031
92544
19802
3367
30575
95849
51866
70360
34421
31682
90609
18823
88128
58043
67996
75554
89041
64693
14606
49942
21382
91595
42709
34019
30318
23955
33199
91814
24636
26359
76554
52217
98100
15061
26261
7008
27966
65404
1416
34395
1810
34204
64030
98937
87379
3449
28636
56652
96553
70147
24260
58991
15006
52869
55019
44637
5924
45696
47504
20901
3379
13233
92659
30853
71968
16562
83078
20394
23562
49199
73616
38060
58121
32560
59224
67180
11771
36321
9724
41189
89329
96497
98314
22805
39521
74929
53639
34173
30400
21773
28118
93694
26163
4811
59208
40617
35232
12002
21801
33902
73754
55238
35798
5060
92743
46435
56678
12410
39914
45703
42812
18601
70301
58986
72102
60889
95652
34094
40656
73416
31537
97062
97537
20033
77428
60277
94703
26170
90327
99566
67946
92658
84461
28594
85457
72436
42228
60435
48185
59171
3990
77917
50300
62227
17852
29383
85190
25327
49895
83965
51088
23217
88357
48577
79063
53467
98864
10181
31236
12386
79060
96806
81365
81324
13970
50092
70693
1036
69914
49109
89812
35370
30599
32099
2391
34398
71297
83881
8201
23190
22006
46957
72793
73877
91114
31879
81231
14724
32400
54344
52536
93357
14966
73645
8412
23020
65685
9844
88701
83640
88827
53087
633
44955
5017
88521
67575
44507
69814
51038
96817
78902
50446
93790
58496
43062
22349
81954
45794
47237
27169
10425
91363
23312
24271
1311
43166
59355
1787
82345
81178
64304
51935
52618
15514
66575
37927
6149
15481
73286
61840
52260
48277
64478
37271
76692
54334
9856
69674
94169
3269
44699
20489
36227
23755
84214
90480
298
59181
59908
40625
69164
99048
9958
24458
68780
19554
97921
51683
45330
21779
62829
11538
8282
57287
65856
80732
50415
43330
62230
84624
3788
30188
85452
67507
70695
70308
85072
18812
15664
44372
55926
62740
33950
9526
64283
43724
57969
6548
41397
3621
24633
96025
26454
23105
7848
36766
76674
71798
13253
63673
95628
99310
25916
67346
24837
28658
72438
15403
1422
4224
54343
83053
29259
68042
32916
84536
64525
90495
9848
39338
75992
14875
75340
23147
6351
29096
32015
13545
96673
1701
47749
64602
81018
34849
19005
70521
42670
60228
1930
74229
50068
68792
40391
87197
33595
37813
80402
67565
26814
55638
87986
89786
94886
49906
38471
15069
78182
70452
35740
75664
60780
5541
76660
44759
58112
32201
71400
90082
65000
44656
64699
79981
9317
15812
24231
47879
10969
91769
27693
62344
39017
25681
189
8293
92488
92395
80420
83239
21790
53723
68165
94967
92958
57948
84251
63262
44813
73557
59937
36411
49676
98740
97444
13765
88516
69749
35465
933
13490
36404
49842
90101
57257
62068
72985
67654
71273
73317
24199
27378
50279
37184
21018
22256
70265
58250
93977
42461
159
16746
72729
6583
72837
8888
79887
23588
27503
48907
59502
53764
84063
45890
87323
90649
18370
84838
24164
79174
90141
84719
81621
30665
46312
82087
91606
89270
99634
51382
26837
57514
59473
29844
67416
86548
45994
50799
68312
11440
38753
30477
80044
32813
97441
6916
68582
49575
69753
51539
6208
23647
62111
17722
94730
10779
58367
57586
18573
1683
41575
77840
10666
58979
54147
61430
90260
9175
18724
53790
55529
65737
35390
51943
7342
91730
35365
90571
88836
50064
56367
9258
395
71103
40256
84486
15430
13643
26731
72555
24634
1980
46845
9077
25578
77876
8229
20053
72637
52478
3445
99364
76650
28013
25661
76568
25206
19259
80324
63888
24683
47006
6824
18632
11670
65127
31484
8202
86342
63904
62731
46271
6302
48557
18554
30904
43501
47682
95127
83
54778
33575
37973
53558
63467
22141
1978
35252
73516
49630
69327
89
16168
73860
14030
13727
80931
75437
64775
73185
55816
50588
86719
8265
81850
84128
13548
78456
44960
46437
29444
79
39123
72744
99848
89305
89516
71530
80962
17560
42756
29829
73253
8415
80302
76481
43072
45951
38177
4702
33963
92465
12364
66822
27481
83088
38474
40862
7056
86727
87584
22896
48414
34219
13935
17194
66998
53485
13203
57993
44655
84058
69583
35392
12003
46823
44255
25222
36685
67170
82599
43871
37970
76313
29593
34354
27930
53294
31633
76517
90493
23981
92699
14976
12844
1896
97607
50006
11841
31342
82389
27348
69403
27810
58807
70859
3208
27264
87887
55359
86026
47440
41451
63750
32287
14321
63111
27472
19376
7475
84304
18426
11782
1114
53143
76728
28269
85783
48026
42002
13874
25912
49559
11824
66515
77163
46119
92840
98212
40481
76003
21985
19286
76203
29332
4957
57726
20194
52055
11721
490
98297
96264
76884
83383
80952
96974
45681
89722
46837
16413
90952
92479
20088
37891
41488
57440
57286
23102
67857
45536
23321
58941
35530
81711
62269
87547
83664
25988
10828
63583
78896
44876
42247
67404
8188
83843
73389
74988
45248
18339
17268
19449
53761
10375
8184
65129
72144
50021
79844
27633
24389
46153
23832
57487
24536
52761
36211
7365
11023
34621
14390
10637
26151
93624
10684
89975
85199
71550
99938
78107
82068
62200
45589
45386
49990
40383
37806
26329
39931
72267
43998
58040
90915
5486
45944
2048
79205
41875
45984
35921
17051
28879
95870
42143
34065
72962
92030
80596
99794
33433
87148
96042
65428
1064
21144
79889
10195
63574
15334
60806
52734
16828
89508
93789
17057
23494
5251
51936
74624
83745
1657
94775
90783
44839
57362
29035
84648
58775
95471
82847
79182
15132
1457
90853
11632
2245
16443
56390
77492
62324
76169
37742
83728
24727
25739
22184
61791
56847
85988
11113
59307
54978
47455
71944
99458
76590
93891
99687
58486
14099
7583
34220
67376
71231
37137
15923
25242
31864
73913
69307
89846
94195
68675
83189
99506
34096
85630
65126
82913
14044
80490
87870
30735
36587
99158
8496
93857
20936
1278
11800
70416
44792
45741
12867
30800
48640
48922
16524
34625
85108
18772
95210
63046
29323
73036
6635
54673
31026
67139
1053
33911
38897
91624
53690
38197
89861
30006
74652
31363
77845
18081
63531
26341
81914
42290
85925
11643
38877
31648
9857
30528
84601
18490
20550
52091
6573
28892
58553
1703
97803
33879
94465
68373
90466
82184
9707
64579
49151
53403
43331
78810
11932
4617
91264
43811
71545
54202
34615
33411
22475
60560
58072
9188
59103
84859
21752
12818
40642
64477
77082
20693
7762
80765
8983
76220
38438
22999
41457
52747
21081
52642
42617
33368
19839
63276
68588
98876
4825
50477
9346
86121
3616
35311
32150
50483
29726
57368
97907
49533
80945
47255
30235
73648
75106
56891
65966
81426
57766
42156
25689
81511
56898
58537
90475
47764
26269
55731
39300
49624
25164
76995
97733
27788
67714
2205
92314
26588
9633
2155
49065
59652
62296
25775
79964
14656
93885
72381
64774
31503
53080
42516
65053
91821
29194
58704
50355
11714
7923
68565
22322
24323
5287
56163
54079
14515
69212
47252
40525
69049
58868
83639
70589
86909
59096
25019
52205
25320
50611
95920
86609
32873
27597
59185
99797
72476
56823
11607
2841
92421
14286
41263
52940
86597
24841
22005
18277
34900
16609
779
28177
98755
56318
95505
23934
2264
59642
27160
74061
32227
83866
62833
30173
17019
88175
74665
99311
76111
28986
63889
15630
84237
74343
15169
68736
72816
59894
82323
14191
26148
35001
11338
38053
33547
62031
13562
40665
52473
75121
99427
81984
87016
10958
54976
23815
92068
83243
94252
18730
43803
58000
25898
45346
48932
92740
17920
30892
54198
65429
99343
30310
3280
61268
98450
63674
41546
18578
91734
67800
71229
55704
31770
90197
37233
67706
60505
63414
25390
19640
11725
68161
96658
75608
73604
78503
85873
13632
11368
52973
44064
40092
24980
4126
81970
3317
92335
27843
83398
1217
72395
28824
40496
28468
5652
30802
11205
77602
31116
4309
56514
48688
28493
74257
44029
23427
68692
67395
77017
30980
93839
36456
97379
64001
84485
80259
24186
43524
87025
74434
18352
86005
43663
4997
38770
24662
99115
3523
87904
74806
23884
69364
48098
41040
98348
93935
4925
45755
34072
48817
97546
15125
9741
31275
17415
93028
66367
66981
96831
49864
85121
56241
47409
99668
95421
76546
19887
24189
92640
43429
94460
4107
96437
37825
31902
84949
68881
28575
58226
93209
70774
81293
31928
4134
76472
56631
4035
7939
50712
53655
99887
91878
28354
99626
29442
51734
31326
2052
13872
92360
92692
44386
27679
90130
22253
73954
17701
28544
12654
35341
82311
26471
71538
60089
48701
53035
33170
50218
33122
9452
2860
48846
7846
70651
49377
27686
43128
87663
81477
19987
87856
85571
4734
68614
93398
24877
57103
11925
18943
51288
24492
40264
40646
88447
87911
98980
73827
91588
6256
71272
58604
70395
22862
69935
58372
85922
41165
61536
73795
78663
14408
78485
87142
25489
35981
459
12779
31447
50650
13503
39993
93982
52303
45588
98456
68737
12499
29550
62279
85157
85501
23172
60912
36293
64712
21717
95430
62064
95199
45434
43170
65037
58995
16017
88937
87813
45462
80994
16498
75536
77766
37477
3590
1079
18865
86601
32004
64431
30196
28888
89476
35269
53153
62959
50566
5026
74349
21420
69639
20302
5918
4436
20434
9072
39230
95299
9206
27921
60508
39029
17287
79573
7657
9035
29812
34936
695
35757
14337
20906
61756
47086
32376
69475
88508
48949
33282
585
45922
40635
78104
8930
25846
18151
53631
78064
40575
30624
64392
12248
57950
43497
12901
41354
50358
78005
7683
2661
55425
33510
26162
56372
46705
51343
63056
94480
639
97375
99008
93811
94727
77627
99736
75245
21112
74712
46677
54053
89194
47967
3365
64632
85776
34060
56721
60698
97220
75728
52652
81282
3755
55592
97346
74869
9210
17520
39244
77838
6734
25899
24939
55945
79715
15276
94358
42956
14960
38260
58096
62417
31922
26788
45830
16231
75693
66004
45675
63073
17658
74294
65312
81833
90080
65444
27050
47814
58428
15609
75005
46157
62190
32922
92514
51833
51722
70913
8100
8590
70472
92273
99313
37628
69300
18688
14856
54418
32206
17794
90387
39776
68320
9417
69658
49048
64023
84595
16905
92615
65055
50663
83547
67175
54195
88052
93554
35053
51307
98112
11371
37094
49217
27876
84725
36365
37923
51349
67580
42937
44895
34210
13656
9634
79407
67085
38747
13329
24530
20294
57188
51148
3848
56084
19066
89025
61731
60761
88028
56486
91765
968
914
75779
25915
42797
84405
99084
39443
99693
79228
3675
46444
88386
11988
26582
52705
11895
2180
82177
87189
22363
34976
3012
38329
901
75283
23189
52936
18896
4730
95063
52900
88162
86616
44628
35192
82987
4505
87631
54340
93665
94602
32941
31980
2565
7501
19644
1444
4870
7202
92706
87294
39420
20251
73875
59511
13174
65527
66755
90426
30364
73957
70068
97481
13137
57914
27622
10186
32729
34725
71689
76130
53981
96266
94228
74146
60464
91892
16200
82226
30654
28167
22609
69203
71474
51751
39471
127
42019
3620
34153
30429
86845
91716
98673
6626
77149
236
93574
54109
22010
63187
79579
42340
88597
52323
57815
54759
32345
87453
30809
96928
37985
61686
98169
4689
39597
20405
79531
56340
30338
66658
41991
55280
55890
87381
55929
84870
83345
61671
11153
92292
40542
78373
33928
92578
55757
23974
75366
43506
6515
97076
66380
22600
81092
7261
1946
17776
33970
4097
2523
93342
53541
60898
17994
42307
96434
25474
82321
95611
62072
45174
44797
6016
20938
95282
79848
36057
35466
57911
85503
25371
24875
48570
32790
83328
20725
3305
83178
43849
64080
53488
34298
92611
77182
72625
90554
31214
62108
13815
67155
57235
12866
5200
61290
35121
1191
71350
561
99285
45120
13373
22850
71910
84571
55039
78180
69872
76171
51162
76829
71372
94022
47569
82491
12666
96063
36758
89734
69080
53148
60517
78070
72685
69384
41946
85260
91756
40012
9425
44370
72158
14791
9742
94575
86180
98784
77127
61247
43077
4186
27749
75902
34270
80549
25595
78886
36803
39798
58176
59729
53161
92812
31987
98997
89383
86676
3470
78792
97577
68864
69450
72489
77622
41974
62312
17938
82620
51296
73191
31037
44290
99702
76503
42264
28091
11573
9952
27366
93612
99699
49614
13777
79700
15205
54176
57135
20999
75576
23735
2054
41979
18994
96703
91809
70576
1232
12257
20935
81919
91629
70755
42273
38811
85295
72006
98223
43670
31966
53546
78579
58509
31156
41495
18382
19712
11268
97430
66481
65952
89615
58302
1276
70081
92289
84945
5374
76269
25965
87040
45324
8067
64727
82076
88471
66749
87586
78068
86468
45578
7197
52355
23496
46487
89760
37165
57644
50060
87836
80571
7037
39849
24295
81671
6268
28258
9593
75756
52753
49947
40295
65622
73861
22394
37013
74233
55703
40450
3558
55383
90057
63617
75468
41800
23302
8438
37873
5339
5940
93588
52343
84423
41580
57977
70499
20612
43039
33958
56870
35369
92071
23677
36096
71254
35659
21404
78515
24060
9585
60566
44998
9214
56451
32409
59599
74074
74198
48087
74923
266
27893
18416
51302
71983
46467
54595
28279
61362
39476
81359
53347
65212
1788
38190
20668
627
83192
28207
72545
21443
76278
45839
57690
59007
70182
14654
3645
83939
66268
51260
85829
86820
34469
51890
51724
7311
26726
42144
69050
38380
6787
31300
56980
93496
87783
59866
70943
95978
73287
81688
6437
10630
50012
5754
22195
83994
10251
63082
33797
47475
34631
46366
16592
29272
65436
28314
55486
7494
89531
81979
22864
61596
54613
71393
87038
10522
85373
50418
59646
77439
13423
53082
93955
81292
43884
75060
36949
18495
55493
40930
77585
74488
25023
42003
91760
12743
28566
74797
53041
15368
21053
44118
90356
38414
59344
82444
20664
90403
82416
35824
29982
72297
42614
30280
52879
9381
25026
42120
22743
68606
35992
48770
28629
67688
32001
5844
18408
43809
16161
15410
86143
4517
55607
9901
9253
32046
30779
36335
66211
96391
63399
80919
93107
73463
77571
21753
39263
49408
78073
27955
27343
41396
19691
98489
20314
75584
26472
9087
34279
3492
46559
775
62883
50334
60143
91919
18731
71503
64188
34143
93147
7298
54259
72797
48395
68211
28721
37177
34690
79582
53365
92589
96496
33150
10888
35565
55156
70862
43065
54784
54385
92057
90074
35894
82645
33260
46859
18396
22569
9296
48833
95980
94611
64872
59587
99101
2203
49317
65034
32792
21423
70357
20871
89980
37721
71097
41088
89650
62043
89704
44121
26648
61688
55150
99671
63843
73985
91961
98343
54770
67260
1362
74928
38563
29774
69385
58440
71885
64986
3396
49925
71752
46733
3162
2693
69986
90328
75983
89024
28600
99324
4741
8108
79600
27106
65179
35529
76121
25229
59438
42412
18483
74471
37939
35542
46802
94135
49452
50414
85531
69934
534
2744
94875
98428
56425
92332
85744
91672
68937
15846
14380
69843
62480
83341
82259
71465
79632
55570
73603
14466
54768
60722
36472
20242
57238
59768
57947
43870
18102
56323
87936
41372
83794
6580
19969
73935
72500
78119
33194
84576
45829
29643
83066
73120
74322
48869
41073
35525
32924
46815
4515
27128
25292
32506
47434
95247
59602
42793
35657
29459
50406
56952
2417
63784
86612
32949
18747
10124
64481
48823
48430
78164
29406
59560
4307
83775
23211
26784
58386
56646
58853
11024
37556
21505
73480
80397
14384
16136
53648
42324
55289
7825
98789
52909
95
80680
75204
39155
78921
75326
29592
10824
34974
8601
36277
21595
62936
52723
10541
69193
66907
96126
69942
46521
35021
74431
24462
64047
87375
78662
38415
72289
86696
81572
35261
65640
43233
12209
17364
51931
88185
83035
82863
79185
18066
69419
59446
19331
63765
65200
85843
36961
99071
59761
38835
61944
81151
17011
8329
44375
77618
36176
64792
86841
67810
20924
83485
49244
66369
59486
39880
72420
69707
99718
45974
91093
27841
63428
19108
92576
63429
87852
51237
93383
216
37272
11562
25617
63468
804
24540
85703
32403
95894
82045
52741
53642
49319
3947
59095
46579
45366
80035
10360
1314
21543
3745
46457
7117
91498
14238
28134
2031
24489
48348
67218
84123
6188
2525
60828
14879
49567
29471
2446
95782
1179
17034
68849
37052
55188
19555
18712
48750
96921
50729
78266
3814
96000
93229
26781
37168
37639
55169
69975
95433
25697
9613
19344
8024
60879
9341
29527
81189
11495
81607
80229
64694
89894
82788
81597
90146
14034
80155
30814
35760
39707
60444
57695
35652
52818
92161
95560
71406
87557
18038
22731
12020
49450
77858
80202
29730
65327
62772
3003
51827
51471
50734
32104
63189
19998
99384
3027
71771
97333
37950
37755
71401
21747
15616
18313
8652
88607
1669
25458
559
6059
65825
31760
41817
66056
65538
5261
2491
51097
88688
3954
75595
14338
73851
82548
80908
87026
93804
2308
77325
71082
32178
4712
88341
39327
27490
21805
92965
12755
96104
91310
92008
95889
66795
73532
89335
53081
48765
77363
88219
43014
76082
28049
96487
59414
82082
40212
31262
12746
24591
87695
92302
29597
27184
20706
7403
85906
72428
17457
66825
39821
11877
54440
39856
5485
58062
25550
25169
59766
11762
32530
5794
84629
41957
25386
92225
65803
48015
1242
16997
59670
36569
41735
65641
18931
98867
46036
96581
61765
71828
90589
98632
24439
10943
60034
69417
66342
9309
71621
62401
73129
10485
14594
64469
84564
90787
87818
85863
37434
60248
55373
49488
45581
19542
80482
6428
44248
96730
99924
61423
61425
74984
49727
59758
61907
88008
84147
71687
7695
27933
97253
78401
20707
14468
62638
9884
81569
26997
51055
632
40653
18424
80875
66402
98191
21851
84518
46307
79408
58506
92940
65121
48956
98199
93363
24261
11387
96022
62847
69946
26006
72439
65143
36956
36385
33042
58270
62144
51152
36056
39363
92285
33855
29876
80641
44924
32883
45058
64146
76736
72388
94071
69354
80640
19569
64234
41021
42910
57941
32241
1021
51452
77106
57867
59484
75095
58232
39105
45928
99764
98546
14558
11272
94231
7373
5463
92821
27993
92758
30376
96303
80393
56278
41961
55566
61607
24505
21537
38751
14493
2200
42884
38528
58467
64403
14072
46552
21206
15073
3820
69973
26613
64278
69696
88606
49355
61801
93218
41557
13883
86510
15526
84978
25273
48728
49164
13320
93173
81071
51815
86517
9163
16203
56976
95508
44211
26573
87833
60237
38068
77636
89334
25463
84131
20902
29763
90529
45803
56727
89372
26039
13585
86983
46000
29212
80698
98294
14213
46853
56629
78697
65670
32080
32467
58751
76742
2998
19327
32025
55004
99138
14616
19628
66959
76993
42485
85001
30884
1733
94639
50098
55309
34807
40583
47868
96494
56815
88141
57954
18666
36464
55482
57403
81136
60153
74842
10756
62657
72919
69133
99382
33043
88633
40819
17460
82944
49399
75262
43169
44369
7966
32725
89523
41514
15487
62956
61222
46329
90333
60378
57298
283
76779
68111
53908
58568
60555
59834
45823
24242
63217
1665
79718
11092
27359
5993
51934
93247
68525
79337
57062
96940
62721
50370
68353
45125
64864
79558
48695
76510
4482
3524
37924
94808
48881
43203
17374
46694
2173
99883
8159
33011
88210
91427
3246
89830
42204
88767
3049
63171
46804
36713
86516
15674
11584
98341
44145
96426
1014
62193
28463
53109
57860
20199
95615
89359
32912
30174
63521
16008
75790
64186
81176
62791
56550
87144
91697
75142
88487
64394
17898
39881
77693
3703
2010
39814
84967
80630
74401
98447
36266
7892
878
36300
32667
6964
85723
2509
88805
88762
49541
88727
40035
34108
65512
17536
70573
90434
67450
50453
38234
77161
24660
95018
66894
25917
11840
42988
33227
27525
84855
96657
70266
43328
31233
31077
1287
64806
18681
67169
24017
94542
70917
66286
85300
24157
96369
27463
65687
74101
49300
22257
63738
31904
91854
41834
27614
11219
252
53597
96005
78423
92226
93914
40772
67403
41678
47612
91238
15477
30584
40291
68829
91074
18099
87999
51189
9085
99723
10788
28834
23850
26677
47635
31659
50258
97857
57594
66336
88609
77784
98362
88391
64337
23840
98313
18719
33984
53928
56083
76180
48426
66339
52850
97776
58659
52439
27988
46072
25622
50897
53911
39301
51763
4771
27103
56677
49916
42564
7743
48969
5878
4968
31472
83201
44419
75775
31833
18070
15866
23904
15349
36798
74045
38560
1058
98265
54188
97469
32816
40648
26896
1170
83408
52097
18913
7710
56294
27124
12674
54021
93696
26453
25868
71595
68003
36099
66390
51460
26559
88809
59996
94606
40977
80403
57863
3669
518
76451
50565
31710
19776
11057
24935
63042
12336
6366
56134
92944
75974
87301
80957
99068
20299
84565
42774
2877
6179
48266
44111
50256
66666
39691
37128
29807
98496
94830
78770
16158
77233
30089
19461
81344
14017
11038
88965
76980
97792
27332
69919
88948
15097
97636
78563
26910
77037
96127
63115
73332
80534
13036
59920
82010
20833
3739
13068
1541
81764
33178
91490
23924
88063
75081
21048
58265
1923
54742
51646
76611
71182
32956
12762
77559
82699
13054
12720
19077
71991
95331
42476
23386
46632
87643
91050
37161
18095
90848
69115
50329
41454
44534
3711
53325
61096
78956
90939
83307
27605
44276
11955
14225
90847
7090
77298
72858
74047
80568
51278
29742
66869
21942
84194
60804
21165
74243
17977
41409
50182
1504
92987
74303
90929
37790
84311
19601
1644
46147
36064
74208
14605
80593
60745
77144
44680
58617
108
21913
6496
98098
35109
83760
35110
9297
44317
4836
77039
47309
1789
96087
25850
52212
88728
81290
86520
55969
74952
10480
21435
51484
70993
29590
35347
90098
69167
999
8748
79109
52662
15501
68644
38397
24181
54995
26789
4807
82303
21781
92633
49959
8524
77475
26005
99358
63319
21623
20332
43784
83065
30687
27082
93724
5691
66861
95138
71196
38568
81082
52049
59717
90013
88830
9552
99017
14327
13121
44657
67673
2201
2617
37912
67737
16923
18768
39882
8443
1047
40582
4784
43813
4642
59674
13469
67614
29891
44632
33466
85951
60102
87014
70026
84033
28079
79139
46651
90890
47976
94695
10580
68946
28855
22264
28164
23868
95515
57662
17050
90690
9565
6757
57652
66821
91922
9818
14810
46094
40082
88216
12269
41238
2016
70903
10066
58421
948
76959
24318
6074
34755
22092
63767
23165
95410
52663
3493
3336
23713
86599
2297
18985
97738
97070
92372
5107
84948
25864
64934
69713
76395
51242
32083
65041
45161
58917
9371
15793
94970
78917
81524
87514
92770
21664
75818
41695
70583
8785
36816
28642
91688
32859
16561
98833
23435
28608
88831
65832
5592
53480
45513
97797
17667
1035
24457
64979
69134
67132
10218
63947
29800
22427
219
77508
19320
32931
13412
33856
99912
92864
49742
80620
311
25101
93984
21007
43064
27835
39634
86241
62821
84846
82582
1746
65403
70860
18150
25909
47818
51404
45014
65440
45401
67795
18079
75403
42097
35249
29731
92774
63135
1009
59860
73909
5242
413
45425
4778
3683
26949
24657
16631
97937
36214
36070
79507
10426
52855
18106
67480
79198
27418
50978
45738
56572
86394
42224
41191
20663
26639
29534
22104
9458
54703
58883
45378
35425
50693
13675
34472
13341
92982
33052
67119
7870
33537
27598
60460
1926
37404
48362
10825
41527
63313
31068
8197
60547
1693
77722
52099
51526
40908
80445
49972
94354
58648
24996
32286
51640
54910
5617
57686
66672
37983
77979
40000
67511
44931
89668
33521
61259
20788
26688
53673
88490
71977
67298
61307
80655
98393
77886
34151
35113
83381
97210
18486
16886
36971
6783
82209
33258
92228
90540
33641
52270
87621
44930
69758
2746
70236
18266
16645
42828
33
63942
76697
21614
76958
54059
15053
92106
38700
12924
72082
17913
48781
64306
50498
20889
59295
34540
60099
90355
63628
20595
29887
79542
75742
24911
49886
46285
34718
39161
79426
62411
16453
71433
31961
14467
72059
17497
94209
64518
44261
92132
81692
34199
9234
49240
99394
5558
52222
48241
94500
50528
21924
36387
55396
88275
47688
20458
55120
54551
81520
62519
80440
14291
18407
95635
2639
89961
6127
13940
69239
23366
56703
17498
73621
58336
43063
56877
88850
12854
84792
62055
52211
57399
74671
80599
11933
98339
43342
35083
64070
68297
66194
69410
58343
87949
97057
90457
96503
29625
45759
87543
10830
75613
8025
10147
54597
61165
13092
18572
62792
86297
16621
53857
75892
26857
41520
7663
51228
56812
88198
8339
8250
21205
73356
64980
46626
72602
93485
43106
52404
38140
29422
37943
11545
22509
80608
48457
19118
70011
16684
75614
75611
76243
42382
47117
90211
96160
7778
70696
61250
79453
22354
57478
6422
37858
76099
70443
92643
20477
17970
50776
71170
5637
87587
14686
44706
63425
85666
44911
23692
62133
35833
16225
73639
12397
29435
38784
6765
35519
1315
12869
48494
38447
31821
7220
60284
89428
30271
24891
86608
94264
62409
282
38505
43978
89504
3850
17204
38684
50351
58564
48948
38765
38295
83339
79567
73289
89185
54845
9068
54940
28380
8854
35172
14455
80622
75840
17478
65823
5314
4563
42361
17675
10289
87444
18096
65076
45923
72896
21921
96330
71776
96422
8783
93854
51838
40286
64335
77490
78257
74092
57889
66205
55848
92362
10837
73205
36453
37110
55202
15863
73518
48851
36236
53346
76436
701
78168
82172
73454
3975
20662
19659
85549
95258
18063
56284
58207
63039
7348
26276
50827
52395
19819
88653
84747
79085
28893
34168
37900
65725
93608
82881
5307
44207
62027
31264
54933
33035
98497
78469
47890
26596
39975
15998
72007
89550
72472
21823
28518
20027
28972
98156
28357
56864
26537
47113
54190
96256
27900
25682
66599
87304
89371
62216
78948
61833
59353
40789
39665
38838
9456
88539
8918
73863
33865
48690
21676
40
53800
26055
17782
11442
28413
27430
37751
2814
4691
29845
10277
93978
18669
82923
23681
10694
35895
35748
6223
40677
10934
80855
64941
45596
96189
88846
27232
45285
88258
22957
58206
5495
76298
66188
29206
50430
92280
2599
46288
61972
92826
69779
76004
13122
98350
25510
61982
74551
85572
35444
34778
57473
77537
48214
86152
73628
54769
62438
38217
57285
60387
21381
79743
43388
85980
56155
82317
81821
72739
93846
44539
36540
57835
67146
52201
34244
8349
44799
91891
9766
89107
13259
14486
7839
80506
36009
41011
17235
94924
88779
34335
64935
6611
65557
1911
673
59704
98307
13069
36178
43527
32544
40813
19397
27543
50502
61353
7794
56544
32379
54070
84162
54678
62746
77653
25709
95494
55015
25310
42317
38529
5787
20245
18518
48813
38987
91990
41710
37226
55452
64501
19523
24746
13850
11634
61388
23819
2334
27173
92832
37668
77691
20089
2757
34485
96015
23608
68318
92320
2669
34932
27871
10455
47439
96612
29993
17772
32421
15424
71002
99329
91558
22605
23611
58859
62345
42419
64791
13326
51922
89004
50105
33912
2476
84950
437
23502
30244
4534
57785
4928
10133
97756
89179
71054
2603
82942
18210
9572
4120
8300
97321
49122
70159
95643
36346
17254
73170
50935
48416
36901
29097
68762
98166
79686
74381
64160
86167
63134
27849
24985
37453
68368
93833
35878
50542
74100
29821
52220
89140
56449
29973
97064
51580
33403
97226
15492
86356
31730
69869
21910
20969
7060
97687
86493
6741
30885
16556
2301
18105
81264
41781
30344
1063
35571
64331
84929
73809
96733
81228
65843
24382
89271
51014
24402
30907
84195
97240
57030
78837
19626
90386
60458
49787
64116
56775
35420
16908
20698
60327
37412
57961
18482
91453
65282
57551
92762
33216
42362
59372
46955
30571
79181
53441
77948
60434
303
37589
65495
86716
99344
20040
44976
95905
8350
87484
30413
18312
76992
72536
41840
64721
56058
12821
2649
76408
46536
2584
71138
44959
19105
60311
71842
30111
40021
61829
165
12577
17584
48631
93424
19220
21099
39324
21349
96007
25361
1982
50778
75987
81260
55164
86040
14055
59943
85753
6975
69493
58113
57730
60682
16415
54217
40087
77110
33974
12883
6234
10970
56149
41899
42662
75754
62028
73987
1728
18369
93998
5353
32766
52401
51333
96687
17550
16263
94731
25126
37495
44224
7439
56477
99178
80808
19855
73151
63622
24602
33592
83415
87713
45467
41120
87684
17827
92900
14371
48319
39780
50720
53618
25022
16972
19878
49673
87905
56965
71860
51338
19231
65633
72375
65744
91346
2075
77113
36179
47288
62944
97740
6389
50227
55447
83902
10326
14900
94182
19045
69783
10403
20523
58223
84760
54963
91242
62255
71342
97408
24497
43996
46926
81932
82124
89396
34893
27720
32784
73139
8765
3780
25125
17479
63797
35561
72699
29297
91056
89080
20978
81645
74688
41119
19796
16906
58825
97688
3744
92980
81003
66656
39939
60709
28798
71405
29150
97269
24829
84478
7314
3857
30766
63792
28925
33266
70685
46113
66464
57762
81419
82472
58478
81
66318
76870
58451
11745
15666
12059
50208
34779
40644
22726
54475
21156
5067
76387
88130
79728
34308
39299
11950
73906
34891
62494
28656
25216
62423
65409
46468
50116
19872
39572
11881
61883
70042
28467
96432
13302
34556
7610
55499
60071
43270
46862
24155
983
58305
31978
11013
96868
15725
31231
63943
60553
10564
99893
30708
50956
82382
65411
53992
21401
41242
68874
84075
82364
80305
88921
56632
21994
9366
27098
7469
96084
47593
26651
96674
77773
10198
36444
16954
78139
74857
7829
43445
9586
86442
87491
2339
3738
98703
14045
67419
10292
53329
60453
35352
19991
74950
43426
21094
91694
37375
24107
50665
74714
30925
67154
25203
48055
66283
84061
145
26347
20290
71670
17975
40394
92997
68392
7140
74399
61340
64085
2254
64604
63505
74048
47638
40872
78532
42112
15672
94226
63430
70536
37340
58369
5706
76755
14727
63358
14934
58093
43785
29039
95991
20260
66662
1152
98062
75447
15631
53409
99328
6242
97970
12888
9521
67995
9951
53400
12833
26349
51791
80196
9676
36108
32819
74055
92297
44348
27929
24758
79697
776
70747
41048
9173
7145
60687
60415
15289
65336
53944
15172
22525
24993
48497
42136
30882
35325
27580
48290
46718
79589
97363
45872
39354
33311
42394
43235
70641
42058
98396
86644
62146
58085
47224
67844
37722
48633
56070
39730
51094
31410
41029
69700
40986
41530
58702
85915
74855
20498
70230
67024
61606
22995
97080
89564
78340
87414
59650
62616
59777
31694
24672
60602
35184
5518
16427
85552
71353
77200
7256
97344
93136
14946
37787
87524
78749
65332
33626
16931
4276
14501
84986
13010
40415
43191
65382
58495
23587
84030
92914
55118
38004
4975
32318
32183
15693
31914
13951
73476
17817
43562
62319
77005
46104
36209
34207
65870
2556
32202
75882
71420
13327
55601
68325
29262
3226
54959
32329
20547
72429
71518
22352
3313
57000
26612
70356
29102
18349
2984
12475
79509
8585
5866
88297
72597
23380
96197
85212
61440
41878
76954
40368
44690
71731
19752
29347
44516
7844
16318
736
94379
50904
97050
88576
44090
57566
12535
69344
57335
30916
76462
95547
60775
15062
15431
94613
91509
63788
46052
90979
40067
40769
19870
55758
74223
21857
1279
52510
36307
28142
17591
21431
48550
82006
52863
78210
42089
32822
75785
65022
89654
74009
7093
61940
78908
66389
60039
83833
30131
51813
61269
96064
16044
80704
75067
24411
35393
76666
10732
81137
97406
67009
63231
16989
54033
94848
12369
21948
73219
87770
80992
79957
18525
86776
89906
18663
45035
85535
64151
7557
46762
86051
51976
67217
48375
73268
97525
3865
5811
91661
83999
96182
59433
46253
3834
83952
34568
37620
43180
15701
98240
88770
53466
118
88900
70681
50753
7317
72486
79852
62459
55674
9770
14622
82796
10235
20690
69842
13339
84309
42755
3340
4948
66255
1194
7741
98134
50658
70877
4880
45442
84902
67917
18989
40549
76146
88320
14277
90305
38250
91135
74335
29351
50112
6593
42078
36048
69887
32006
33917
63247
5881
29870
73028
29713
25623
21538
82024
17833
55033
31943
49365
99336
71590
35846
48924
94021
80584
80741
52792
13041
77724
7926
17241
37908
40352
49758
71426
21434
74985
36045
60483
87099
55559
21130
44277
53702
69332
84124
70689
8902
31808
13818
76087
26131
42742
12206
55255
20308
4949
17272
60706
6226
6045
4263
6189
50644
26805
33839
36197
7269
37480
96031
58283
55593
63005
81820
71871
99044
6823
56824
80717
95418
83326
75943
14301
98590
10937
47929
99395
22642
27054
41846
79487
43927
27196
43266
52994
9468
34287
13112
37609
98623
80902
53079
52801
61244
8490
67225
73445
74179
64487
60273
16412
64157
56178
20450
20469
54404
13769
59957
26830
91691
54900
57020
95005
20956
37114
26549
19516
48646
23748
3154
97900
60670
23635
72994
18539
23078
52509
91158
18742
24398
7690
47104
82656
19087
47266
7468
81777
97316
60906
84500
97496
74178
26035
26316
4856
16451
78231
22694
80370
27071
60280
56878
56586
70808
40736
72872
52096
71158
33383
99418
29977
59246
16011
6036
26675
36859
6461
18311
15615
89322
15262
99628
12493
34123
67214
11011
64846
49463
94658
18229
56504
14003
18326
65103
92545
51323
21071
52828
27224
50083
47811
23600
93768
74306
34924
36204
8658
21848
67204
47522
59461
14175
85234
50055
50364
75857
97187
26957
44728
21308
21224
30965
86783
82146
50750
56176
74983
54535
36557
2195
59494
72432
16474
98836
89707
26974
70564
63899
11585
12063
12250
70666
92754
73383
99307
36412
78350
8481
46040
68236
8430
91964
56026
87257
36959
14076
12974
56256
6451
94919
23085
74903
25359
59863
15518
7322
87339
3385
55864
72161
34513
21157
2354
38518
72610
97620
71294
65340
40491
4087
11586
64809
51758
23001
41377
78230
15301
66140
49845
5397
84956
6490
92926
4059
60890
73907
63269
94925
82642
37673
17182
91474
35270
21475
60822
50473
8859
84944
70226
21723
29174
3851
55268
72038
42079
87284
92496
62728
89529
69826
8998
34923
52390
57789
85078
58874
45499
51594
72226
77589
8483
18775
98614
9762
19576
84077
53977
65913
33800
35372
74668
18043
80219
46320
53980
30564
34561
10626
84212
87187
62760
98401
3065
82080
83938
99706
38541
11049
30361
4421
79734
93642
9052
55126
1236
94821
60109
91603
42214
87051
44409
46388
46981
46433
18450
24792
86379
34956
18793
97360
15313
34172
74042
59609
46373
84985
13342
44311
63311
17015
38327
66734
67491
87812
3804
32715
7716
99286
54253
77787
53767
97765
52836
63026
49370
80771
12905
46610
48107
95185
8045
89168
42427
8427
4544
43539
18651
8961
26030
12307
5121
27627
51732
61936
47736
36515
18655
99073
68311
32309
36902
32207
34037
33257
51733
45297
73314
8449
60487
37776
45598
7271
48763
92012
54527
37855
14873
63930
77392
6943
94662
40129
24194
79064
13707
58933
68575
48771
97179
89467
23263
42947
83571
29356
45810
60088
67168
88103
21528
49457
20551
10995
87780
71017
21134
92557
628
68118
82721
19250
58033
70242
67576
7450
34353
60551
94996
15739
50381
16469
5989
99168
73230
89637
97539
99445
96062
85916
95387
82749
99160
39165
63518
87831
21875
12113
47400
92597
28322
55518
73010
8751
5749
2789
62202
41644
79812
78621
26546
20112
72924
77821
21240
96137
16470
92354
46463
58790
15396
61890
66376
44340
12704
62684
80940
17368
51905
88791
62624
28288
46663
86948
40886
6923
13404
33945
7279
8986
92446
1995
21468
42132
44968
57858
44351
95054
87507
13577
30479
81339
89251
45602
41599
19996
87880
27829
56436
91671
89938
93631
21621
93
92331
58759
17785
71619
32396
82967
33922
5050
5611
3951
95712
36014
39362
77654
54494
16722
21236
84074
18879
27738
66591
53218
99600
75074
35527
25919
12728
6314
84085
53531
82601
70945
64811
86533
7295
29162
31204
17997
87712
805
46544
78871
86250
91471
19943
87204
17552
54553
10440
82564
36531
96191
9108
25414
73417
30636
75215
97999
49337
43451
32010
26860
97760
41089
30881
93401
19477
33195
34211
77458
37210
12849
12104
38203
28767
63723
61086
52054
89112
73845
76915
43892
52087
61909
56439
14417
4461
5189
66479
54989
25378
22064
68768
19889
32369
97877
57776
85039
52025
67855
28393
11277
83932
26474
94205
97149
34904
95313
12926
12414
55302
15830
57209
74709
28110
5835
12632
7431
40242
71362
73
1664
79968
14193
79197
94691
92293
84
38027
49719
20566
93208
38311
44273
7451
33050
62701
63975
68464
72400
21442
51653
77746
85847
86277
24066
60716
9639
45690
41685
15272
35851
55977
58488
54205
67407
49083
44341
54505
95944
96517
28281
72990
88896
1237
46996
21333
75515
55476
31999
27541
77323
82871
23434
39166
64091
29586
56946
18637
77222
35188
13279
33588
85069
33862
63967
30774
41786
41275
69393
42037
98771
32139
63136
55583
21322
14652
60318
2105
34413
93174
13873
5926
99906
20677
79314
7236
98585
89430
92513
26166
52772
37533
44724
9828
38336
98601
70391
14228
60371
86251
24552
45149
3984
46833
93615
75979
79627
66295
96552
80425
69426
23431
13471
74515
96165
84668
58999
2917
3960
50395
80407
34187
64489
63828
68262
17557
60489
81595
57144
13409
59375
62626
98622
67981
40206
75292
52238
93177
91116
64583
16319
31619
65599
65554
34931
50534
10189
46026
51494
46727
23501
84381
79047
76608
24425
54291
77248
63218
51573
96144
44612
62081
6840
18489
18983
98430
64742
35464
28993
39616
17352
80209
89536
30973
10542
56376
70044
13037
58906
23931
13205
16131
70083
94769
85216
40742
75881
61806
70773
74076
21234
81028
75100
87519
75588
16419
35353
21915
3585
898
41772
63130
57513
98583
13678
10309
95113
30959
92952
74528
32726
59884
83945
61716
38128
15102
71657
97605
43276
97224
9313
44176
42503
41993
80297
97739
13289
81378
88321
95105
89643
72433
12303
6414
71562
56738
64353
63214
84798
36950
85258
12348
84591
30551
92604
29635
85128
95061
77368
55719
50503
50539
69423
83008
81445
55272
84498
22094
57306
73888
75355
14715
73226
48310
88025
35871
93162
20907
85998
79377
10207
11401
76292
25195
1827
94604
53799
32633
13304
86281
80624
17719
20577
96419
71340
53069
4916
44243
67630
51299
12237
75291
52442
7686
19811
94229
70210
68104
82500
3191
96071
63016
82040
18611
49537
19419
52991
99756
19258
76785
10395
26394
16198
83208
90164
66569
18372
36756
47835
76991
4312
30786
92275
11707
51531
76122
44506
51557
48606
37479
75788
57641
30879
56523
80522
48730
31148
16630
39985
51016
22560
20750
30686
308
98335
64803
29362
13581
1138
75888
25328
23630
58510
87743
43407
68498
83962
69149
30621
82098
16395
65224
85252
50555
14964
12650
96366
59197
52273
60502
13810
17620
91795
20430
91035
39680
45073
28296
34289
52422
50697
8869
34942
66972
22093
67472
35181
54011
60907
44360
38424
50886
7954
37366
7465
14619
49671
89388
95349
22947
37648
82775
32996
48582
69725
48132
10257
97861
70018
68902
38396
30773
67783
10401
5708
39159
10418
65694
43916
25676
34225
94212
66871
59637
76316
67372
11188
2883
44693
99890
82689
74933
59001
47912
25107
56925
37910
72030
27397
75442
30387
65284
29247
97282
67044
90051
26439
22201
38120
53280
12642
72847
35137
69990
92328
87122
29862
24495
10285
83874
73641
58399
45483
77892
6042
68630
18781
62063
15969
42649
39512
3188
95534
93966
62254
92367
87649
75120
45256
81414
51507
79722
41122
51290
71743
36782
78774
90132
72294
31870
59281
52403
13465
33495
24428
64247
68521
15613
55962
76644
52153
37936
3350
10108
42935
83974
24810
49326
75889
53471
20289
5293
92971
72978
15395
12333
27593
45752
55258
98435
79499
12725
93525
22717
67145
14165
58345
95669
47845
67603
72311
76311
72873
94012
23048
31238
65383
73234
89111
98940
7309
57161
77241
97913
63839
83207
97670
36551
52076
7624
20377
29429
21937
32131
44008
69553
79456
76096
3730
52185
4647
58567
98422
33713
27230
26545
62450
83224
40897
39715
21422
83145
98611
90343
73393
18643
91582
51359
39373
68789
58817
30110
96082
62824
89118
11865
67093
78362
81272
95002
48400
83860
75513
59911
49052
91293
27497
63065
84209
98122
84163
7558
47902
71916
2208
26147
67066
75963
63669
55092
4198
59778
56125
3033
42069
38296
97205
29984
42309
19423
17988
77556
93256
62189
76242
67690
41493
46715
45640
57088
59628
13763
27846
68779
83476
60757
80473
37132
52883
77623
69611
15361
98807
71954
97516
4551
24907
4899
42328
89731
78497
47145
62867
52690
80252
35124
68656
7409
51214
15038
37634
27340
77958
5732
84767
71199
55886
68958
27405
68901
51425
41626
77807
28772
76041
55985
41320
49402
71169
15139
84976
59794
38422
349
3285
59967
27534
56171
316
68945
93906
19858
2812
87493
65647
78665
87895
11596
43424
83576